# HB CN filter (Farnham et al. 2000)
# Origin: Tony Farnham
# Date: 2026 May 29
# File name: CN.hb.10.rb
#
wavelength transmission
---------- ------------
 3000.00    0.000E+00
 3001.00    0.000E+00
 3002.00    0.000E+00
 3003.00    0.000E+00
 3004.00    0.000E+00
 3005.00    0.000E+00
 3006.00    0.000E+00
 3007.00    0.000E+00
 3008.00    0.000E+00
 3009.00    0.000E+00
 3010.00    0.000E+00
 3011.00    0.000E+00
 3012.00    0.000E+00
 3013.00    0.000E+00
 3014.00    0.000E+00
 3015.00    0.000E+00
 3016.00    0.000E+00
 3017.00    0.000E+00
 3018.00    0.000E+00
 3019.00    0.000E+00
 3020.00    0.000E+00
 3021.00    0.000E+00
 3022.00    0.000E+00
 3023.00    0.000E+00
 3024.00    0.000E+00
 3025.00    0.000E+00
 3026.00    0.000E+00
 3027.00    0.000E+00
 3028.00    0.000E+00
 3029.00    0.000E+00
 3030.00    0.000E+00
 3031.00    0.000E+00
 3032.00    0.000E+00
 3033.00    0.000E+00
 3034.00    0.000E+00
 3035.00    0.000E+00
 3036.00    0.000E+00
 3037.00    0.000E+00
 3038.00    0.000E+00
 3039.00    0.000E+00
 3040.00    0.000E+00
 3041.00    0.000E+00
 3042.00    0.000E+00
 3043.00    0.000E+00
 3044.00    0.000E+00
 3045.00    0.000E+00
 3046.00    0.000E+00
 3047.00    0.000E+00
 3048.00    0.000E+00
 3049.00    0.000E+00
 3050.00    0.000E+00
 3051.00    0.000E+00
 3052.00    0.000E+00
 3053.00    0.000E+00
 3054.00    0.000E+00
 3055.00    0.000E+00
 3056.00    0.000E+00
 3057.00    0.000E+00
 3058.00    0.000E+00
 3059.00    0.000E+00
 3060.00    0.000E+00
 3061.00    0.000E+00
 3062.00    0.000E+00
 3063.00    0.000E+00
 3064.00    0.000E+00
 3065.00    0.000E+00
 3066.00    0.000E+00
 3067.00    0.000E+00
 3068.00    0.000E+00
 3069.00    0.000E+00
 3070.00    0.000E+00
 3071.00    0.000E+00
 3072.00    0.000E+00
 3073.00    0.000E+00
 3074.00    0.000E+00
 3075.00    0.000E+00
 3076.00    0.000E+00
 3077.00    0.000E+00
 3078.00    0.000E+00
 3079.00    0.000E+00
 3080.00    0.000E+00
 3081.00    0.000E+00
 3082.00    0.000E+00
 3083.00    0.000E+00
 3084.00    0.000E+00
 3085.00    0.000E+00
 3086.00    0.000E+00
 3087.00    0.000E+00
 3088.00    0.000E+00
 3089.00    0.000E+00
 3090.00    0.000E+00
 3091.00    0.000E+00
 3092.00    0.000E+00
 3093.00    0.000E+00
 3094.00    0.000E+00
 3095.00    0.000E+00
 3096.00    0.000E+00
 3097.00    0.000E+00
 3098.00    0.000E+00
 3099.00    0.000E+00
 3100.00    0.000E+00
 3101.00    0.000E+00
 3102.00    0.000E+00
 3103.00    0.000E+00
 3104.00    0.000E+00
 3105.00    0.000E+00
 3106.00    0.000E+00
 3107.00    0.000E+00
 3108.00    0.000E+00
 3109.00    0.000E+00
 3110.00    0.000E+00
 3111.00    0.000E+00
 3112.00    0.000E+00
 3113.00    0.000E+00
 3114.00    0.000E+00
 3115.00    0.000E+00
 3116.00    0.000E+00
 3117.00    0.000E+00
 3118.00    0.000E+00
 3119.00    0.000E+00
 3120.00    0.000E+00
 3121.00    0.000E+00
 3122.00    0.000E+00
 3123.00    0.000E+00
 3124.00    0.000E+00
 3125.00    0.000E+00
 3126.00    0.000E+00
 3127.00    0.000E+00
 3128.00    0.000E+00
 3129.00    0.000E+00
 3130.00    0.000E+00
 3131.00    0.000E+00
 3132.00    0.000E+00
 3133.00    0.000E+00
 3134.00    0.000E+00
 3135.00    0.000E+00
 3136.00    0.000E+00
 3137.00    0.000E+00
 3138.00    0.000E+00
 3139.00    0.000E+00
 3140.00    0.000E+00
 3141.00    0.000E+00
 3142.00    0.000E+00
 3143.00    0.000E+00
 3144.00    0.000E+00
 3145.00    0.000E+00
 3146.00    0.000E+00
 3147.00    0.000E+00
 3148.00    0.000E+00
 3149.00    0.000E+00
 3150.00    0.000E+00
 3151.00    0.000E+00
 3152.00    0.000E+00
 3153.00    0.000E+00
 3154.00    0.000E+00
 3155.00    0.000E+00
 3156.00    0.000E+00
 3157.00    0.000E+00
 3158.00    0.000E+00
 3159.00    0.000E+00
 3160.00    0.000E+00
 3161.00    0.000E+00
 3162.00    0.000E+00
 3163.00    0.000E+00
 3164.00    0.000E+00
 3165.00    0.000E+00
 3166.00    0.000E+00
 3167.00    0.000E+00
 3168.00    0.000E+00
 3169.00    0.000E+00
 3170.00    0.000E+00
 3171.00    0.000E+00
 3172.00    0.000E+00
 3173.00    0.000E+00
 3174.00    0.000E+00
 3175.00    0.000E+00
 3176.00    0.000E+00
 3177.00    0.000E+00
 3178.00    0.000E+00
 3179.00    0.000E+00
 3180.00    0.000E+00
 3181.00    0.000E+00
 3182.00    0.000E+00
 3183.00    0.000E+00
 3184.00    0.000E+00
 3185.00    0.000E+00
 3186.00    0.000E+00
 3187.00    0.000E+00
 3188.00    0.000E+00
 3189.00    0.000E+00
 3190.00    0.000E+00
 3191.00    0.000E+00
 3192.00    0.000E+00
 3193.00    0.000E+00
 3194.00    0.000E+00
 3195.00    0.000E+00
 3196.00    0.000E+00
 3197.00    0.000E+00
 3198.00    0.000E+00
 3199.00    0.000E+00
 3200.00    0.000E+00
 3201.00    0.000E+00
 3202.00    0.000E+00
 3203.00    0.000E+00
 3204.00    0.000E+00
 3205.00    0.000E+00
 3206.00    0.000E+00
 3207.00    0.000E+00
 3208.00    0.000E+00
 3209.00    0.000E+00
 3210.00    0.000E+00
 3211.00    0.000E+00
 3212.00    0.000E+00
 3213.00    0.000E+00
 3214.00    0.000E+00
 3215.00    0.000E+00
 3216.00    0.000E+00
 3217.00    0.000E+00
 3218.00    0.000E+00
 3219.00    0.000E+00
 3220.00    0.000E+00
 3221.00    0.000E+00
 3222.00    0.000E+00
 3223.00    0.000E+00
 3224.00    0.000E+00
 3225.00    0.000E+00
 3226.00    0.000E+00
 3227.00    0.000E+00
 3228.00    0.000E+00
 3229.00    0.000E+00
 3230.00    0.000E+00
 3231.00    0.000E+00
 3232.00    0.000E+00
 3233.00    0.000E+00
 3234.00    0.000E+00
 3235.00    0.000E+00
 3236.00    0.000E+00
 3237.00    0.000E+00
 3238.00    0.000E+00
 3239.00    0.000E+00
 3240.00    0.000E+00
 3241.00    0.000E+00
 3242.00    0.000E+00
 3243.00    0.000E+00
 3244.00    0.000E+00
 3245.00    0.000E+00
 3246.00    0.000E+00
 3247.00    0.000E+00
 3248.00    0.000E+00
 3249.00    0.000E+00
 3250.00    0.000E+00
 3251.00    0.000E+00
 3252.00    0.000E+00
 3253.00    0.000E+00
 3254.00    0.000E+00
 3255.00    0.000E+00
 3256.00    0.000E+00
 3257.00    0.000E+00
 3258.00    0.000E+00
 3259.00    0.000E+00
 3260.00    0.000E+00
 3261.00    0.000E+00
 3262.00    0.000E+00
 3263.00    0.000E+00
 3264.00    0.000E+00
 3265.00    0.000E+00
 3266.00    0.000E+00
 3267.00    0.000E+00
 3268.00    0.000E+00
 3269.00    0.000E+00
 3270.00    0.000E+00
 3271.00    0.000E+00
 3272.00    0.000E+00
 3273.00    0.000E+00
 3274.00    0.000E+00
 3275.00    0.000E+00
 3276.00    0.000E+00
 3277.00    0.000E+00
 3278.00    0.000E+00
 3279.00    0.000E+00
 3280.00    0.000E+00
 3281.00    0.000E+00
 3282.00    0.000E+00
 3283.00    0.000E+00
 3284.00    0.000E+00
 3285.00    0.000E+00
 3286.00    0.000E+00
 3287.00    0.000E+00
 3288.00    0.000E+00
 3289.00    0.000E+00
 3290.00    0.000E+00
 3291.00    0.000E+00
 3292.00    0.000E+00
 3293.00    0.000E+00
 3294.00    0.000E+00
 3295.00    0.000E+00
 3296.00    0.000E+00
 3297.00    0.000E+00
 3298.00    0.000E+00
 3299.00    0.000E+00
 3300.00    0.000E+00
 3301.00    0.000E+00
 3302.00    0.000E+00
 3303.00    0.000E+00
 3304.00    0.000E+00
 3305.00    0.000E+00
 3306.00    0.000E+00
 3307.00    0.000E+00
 3308.00    0.000E+00
 3309.00    0.000E+00
 3310.00    0.000E+00
 3311.00    0.000E+00
 3312.00    0.000E+00
 3313.00    0.000E+00
 3314.00    0.000E+00
 3315.00    0.000E+00
 3316.00    0.000E+00
 3317.00    0.000E+00
 3318.00    0.000E+00
 3319.00    0.000E+00
 3320.00    0.000E+00
 3321.00    0.000E+00
 3322.00    0.000E+00
 3323.00    0.000E+00
 3324.00    0.000E+00
 3325.00    0.000E+00
 3326.00    0.000E+00
 3327.00    0.000E+00
 3328.00    0.000E+00
 3329.00    0.000E+00
 3330.00    0.000E+00
 3331.00    0.000E+00
 3332.00    0.000E+00
 3333.00    0.000E+00
 3334.00    0.000E+00
 3335.00    0.000E+00
 3336.00    0.000E+00
 3337.00    0.000E+00
 3338.00    0.000E+00
 3339.00    0.000E+00
 3340.00    0.000E+00
 3341.00    0.000E+00
 3342.00    0.000E+00
 3343.00    0.000E+00
 3344.00    0.000E+00
 3345.00    0.000E+00
 3346.00    0.000E+00
 3347.00    0.000E+00
 3348.00    0.000E+00
 3349.00    0.000E+00
 3350.00    0.000E+00
 3351.00    0.000E+00
 3352.00    0.000E+00
 3353.00    0.000E+00
 3354.00    0.000E+00
 3355.00    0.000E+00
 3356.00    0.000E+00
 3357.00    0.000E+00
 3358.00    0.000E+00
 3359.00    0.000E+00
 3360.00    0.000E+00
 3361.00    0.000E+00
 3362.00    0.000E+00
 3363.00    0.000E+00
 3364.00    0.000E+00
 3365.00    0.000E+00
 3366.00    0.000E+00
 3367.00    0.000E+00
 3368.00    0.000E+00
 3369.00    0.000E+00
 3370.00    0.000E+00
 3371.00    0.000E+00
 3372.00    0.000E+00
 3373.00    0.000E+00
 3374.00    0.000E+00
 3375.00    0.000E+00
 3376.00    0.000E+00
 3377.00    0.000E+00
 3378.00    0.000E+00
 3379.00    0.000E+00
 3380.00    0.000E+00
 3381.00    0.000E+00
 3382.00    0.000E+00
 3383.00    0.000E+00
 3384.00    0.000E+00
 3385.00    0.000E+00
 3386.00    0.000E+00
 3387.00    0.000E+00
 3388.00    0.000E+00
 3389.00    0.000E+00
 3390.00    0.000E+00
 3391.00    0.000E+00
 3392.00    0.000E+00
 3393.00    0.000E+00
 3394.00    0.000E+00
 3395.00    0.000E+00
 3396.00    0.000E+00
 3397.00    0.000E+00
 3398.00    0.000E+00
 3399.00    0.000E+00
 3400.00    0.000E+00
 3401.00    0.000E+00
 3402.00    0.000E+00
 3403.00    0.000E+00
 3404.00    0.000E+00
 3405.00    0.000E+00
 3406.00    0.000E+00
 3407.00    0.000E+00
 3408.00    0.000E+00
 3409.00    0.000E+00
 3410.00    0.000E+00
 3411.00    0.000E+00
 3412.00    0.000E+00
 3413.00    0.000E+00
 3414.00    0.000E+00
 3415.00    0.000E+00
 3416.00    0.000E+00
 3417.00    0.000E+00
 3418.00    0.000E+00
 3419.00    0.000E+00
 3420.00    0.000E+00
 3421.00    0.000E+00
 3422.00    0.000E+00
 3423.00    0.000E+00
 3424.00    0.000E+00
 3425.00    0.000E+00
 3426.00    0.000E+00
 3427.00    0.000E+00
 3428.00    0.000E+00
 3429.00    0.000E+00
 3430.00    0.000E+00
 3431.00    0.000E+00
 3432.00    0.000E+00
 3433.00    0.000E+00
 3434.00    0.000E+00
 3435.00    0.000E+00
 3436.00    0.000E+00
 3437.00    0.000E+00
 3438.00    0.000E+00
 3439.00    0.000E+00
 3440.00    0.000E+00
 3441.00    0.000E+00
 3442.00    0.000E+00
 3443.00    0.000E+00
 3444.00    0.000E+00
 3445.00    0.000E+00
 3446.00    0.000E+00
 3447.00    0.000E+00
 3448.00    0.000E+00
 3449.00    0.000E+00
 3450.00    0.000E+00
 3451.00    0.000E+00
 3452.00    0.000E+00
 3453.00    0.000E+00
 3454.00    0.000E+00
 3455.00    0.000E+00
 3456.00    0.000E+00
 3457.00    0.000E+00
 3458.00    0.000E+00
 3459.00    0.000E+00
 3460.00    0.000E+00
 3461.00    0.000E+00
 3462.00    0.000E+00
 3463.00    0.000E+00
 3464.00    0.000E+00
 3465.00    0.000E+00
 3466.00    0.000E+00
 3467.00    0.000E+00
 3468.00    0.000E+00
 3469.00    0.000E+00
 3470.00    0.000E+00
 3471.00    0.000E+00
 3472.00    0.000E+00
 3473.00    0.000E+00
 3474.00    0.000E+00
 3475.00    0.000E+00
 3476.00    0.000E+00
 3477.00    0.000E+00
 3478.00    0.000E+00
 3479.00    0.000E+00
 3480.00    0.000E+00
 3481.00    0.000E+00
 3482.00    0.000E+00
 3483.00    0.000E+00
 3484.00    0.000E+00
 3485.00    0.000E+00
 3486.00    0.000E+00
 3487.00    0.000E+00
 3488.00    0.000E+00
 3489.00    0.000E+00
 3490.00    0.000E+00
 3491.00    0.000E+00
 3492.00    0.000E+00
 3493.00    0.000E+00
 3494.00    0.000E+00
 3495.00    0.000E+00
 3496.00    0.000E+00
 3497.00    0.000E+00
 3498.00    0.000E+00
 3499.00    0.000E+00
 3500.00    0.000E+00
 3501.00    0.000E+00
 3502.00    0.000E+00
 3503.00    0.000E+00
 3504.00    0.000E+00
 3505.00    0.000E+00
 3506.00    0.000E+00
 3507.00    0.000E+00
 3508.00    0.000E+00
 3509.00    0.000E+00
 3510.00    0.000E+00
 3511.00    0.000E+00
 3512.00    0.000E+00
 3513.00    0.000E+00
 3514.00    0.000E+00
 3515.00    0.000E+00
 3516.00    0.000E+00
 3517.00    0.000E+00
 3518.00    0.000E+00
 3519.00    0.000E+00
 3520.00    0.000E+00
 3521.00    0.000E+00
 3522.00    0.000E+00
 3523.00    0.000E+00
 3524.00    0.000E+00
 3525.00    0.000E+00
 3526.00    0.000E+00
 3527.00    0.000E+00
 3528.00    0.000E+00
 3529.00    0.000E+00
 3530.00    0.000E+00
 3531.00    0.000E+00
 3532.00    0.000E+00
 3533.00    0.000E+00
 3534.00    0.000E+00
 3535.00    0.000E+00
 3536.00    0.000E+00
 3537.00    0.000E+00
 3538.00    0.000E+00
 3539.00    0.000E+00
 3540.00    0.000E+00
 3541.00    0.000E+00
 3542.00    0.000E+00
 3543.00    0.000E+00
 3544.00    0.000E+00
 3545.00    0.000E+00
 3546.00    0.000E+00
 3547.00    0.000E+00
 3548.00    0.000E+00
 3549.00    0.000E+00
 3550.00    0.000E+00
 3551.00    0.000E+00
 3552.00    0.000E+00
 3553.00    0.000E+00
 3554.00    0.000E+00
 3555.00    0.000E+00
 3556.00    0.000E+00
 3557.00    0.000E+00
 3558.00    0.000E+00
 3559.00    0.000E+00
 3560.00    0.000E+00
 3561.00    0.000E+00
 3562.00    0.000E+00
 3563.00    0.000E+00
 3564.00    0.000E+00
 3565.00    0.000E+00
 3566.00    0.000E+00
 3567.00    0.000E+00
 3568.00    0.000E+00
 3569.00    0.000E+00
 3570.00    0.000E+00
 3571.00    0.000E+00
 3572.00    0.000E+00
 3573.00    0.000E+00
 3574.00    0.000E+00
 3575.00    0.000E+00
 3576.00    0.000E+00
 3577.00    0.000E+00
 3578.00    0.000E+00
 3579.00    0.000E+00
 3580.00    0.000E+00
 3581.00    0.000E+00
 3582.00    0.000E+00
 3583.00    0.000E+00
 3584.00    0.000E+00
 3585.00    0.000E+00
 3586.00    0.000E+00
 3587.00    0.000E+00
 3588.00    0.000E+00
 3589.00    0.000E+00
 3590.00    0.000E+00
 3591.00    0.000E+00
 3592.00    0.000E+00
 3593.00    0.000E+00
 3594.00    0.000E+00
 3595.00    0.000E+00
 3596.00    0.000E+00
 3597.00    0.000E+00
 3598.00    0.000E+00
 3599.00    0.000E+00
 3600.00    0.000E+00
 3601.00   -0.520E-01
 3602.00   -0.440E-01
 3603.00   -0.462E-01
 3604.00   -0.464E-01
 3605.00   -0.403E-01
 3606.00   -0.396E-01
 3607.00   -0.492E-01
 3608.00   -0.407E-01
 3609.00   -0.496E-01
 3610.00   -0.504E-01
 3611.00   -0.361E-01
 3612.00   -0.346E-01
 3613.00   -0.377E-01
 3614.00   -0.351E-01
 3615.00   -0.332E-01
 3616.00   -0.408E-01
 3617.00   -0.378E-01
 3618.00   -0.447E-01
 3619.00   -0.269E-01
 3620.00   -0.330E-01
 3621.00   -0.381E-01
 3622.00   -0.344E-01
 3623.00   -0.496E-01
 3624.00   -0.351E-01
 3625.00   -0.498E-01
 3626.00   -0.440E-01
 3627.00   -0.352E-01
 3628.00   -0.386E-01
 3629.00   -0.462E-01
 3630.00   -0.538E-01
 3631.00   -0.266E-01
 3632.00   -0.400E-01
 3633.00   -0.401E-01
 3634.00   -0.462E-01
 3635.00   -0.381E-01
 3636.00   -0.440E-01
 3637.00   -0.198E-01
 3638.00   -0.374E-01
 3639.00   -0.492E-01
 3640.00   -0.408E-01
 3641.00   -0.368E-01
 3642.00   -0.497E-01
 3643.00   -0.264E-01
 3644.00   -0.376E-01
 3645.00   -0.367E-01
 3646.00   -0.344E-01
 3647.00   -0.356E-01
 3648.00   -0.487E-01
 3649.00   -0.335E-01
 3650.00   -0.290E-01
 3651.00   -0.151E-01
 3652.00   -0.294E-01
 3653.00   -0.177E-01
 3654.00   -0.193E-01
 3655.00   -0.219E-01
 3656.00   -0.299E-01
 3657.00   -0.235E-01
 3658.00   -0.307E-01
 3659.00   -0.216E-01
 3660.00   -0.193E-01
 3661.00   -0.373E-01
 3662.00   -0.305E-01
 3663.00   -0.224E-01
 3664.00   -0.194E-01
 3665.00   -0.156E-01
 3666.00   -0.221E-01
 3667.00   -0.320E-01
 3668.00   -0.217E-01
 3669.00   -0.183E-01
 3670.00   -0.176E-01
 3671.00   -0.229E-01
 3672.00   -0.177E-01
 3673.00   -0.196E-01
 3674.00   -0.123E-01
 3675.00   -0.273E-01
 3676.00   -0.116E-01
 3677.00   -0.281E-01
 3678.00   -0.239E-01
 3679.00   -0.274E-01
 3680.00   -0.177E-01
 3681.00   -0.212E-01
 3682.00   -0.173E-01
 3683.00   -0.166E-01
 3684.00   -0.269E-01
 3685.00   -0.273E-01
 3686.00   -0.161E-01
 3687.00   -0.169E-01
 3688.00   -0.161E-01
 3689.00   -0.164E-01
 3690.00   -0.241E-01
 3691.00   -0.179E-01
 3692.00   -0.241E-01
 3693.00   -0.129E-01
 3694.00   -0.160E-01
 3695.00   -0.228E-01
 3696.00   -0.760E-02
 3697.00   -0.167E-01
 3698.00   -0.201E-01
 3699.00   -0.114E-01
 3700.00   -0.144E-01
 3701.00   -0.176E-01
 3702.00   -0.107E-01
 3703.00   -0.160E-01
 3704.00   -0.115E-01
 3705.00   -0.112E-02
 3706.00   -0.130E-01
 3707.00   -0.232E-01
 3708.00   -0.195E-01
 3709.00   -0.230E-01
 3710.00   -0.142E-01
 3711.00   -0.134E-01
 3712.00   -0.153E-01
 3713.00   -0.191E-01
 3714.00   -0.765E-02
 3715.00   -0.649E-02
 3716.00   -0.214E-01
 3717.00   -0.152E-01
 3718.00   -0.168E-01
 3719.00   -0.459E-02
 3720.00   -0.122E-01
 3721.00   -0.801E-02
 3722.00   -0.141E-01
 3723.00   -0.160E-01
 3724.00   -0.153E-01
 3725.00   -0.303E-02
 3726.00   -0.837E-02
 3727.00   -0.149E-01
 3728.00   -0.420E-02
 3729.00   -0.183E-01
 3730.00   -0.609E-02
 3731.00   -0.126E-01
 3732.00   -0.912E-02
 3733.00   -0.118E-01
 3734.00   -0.950E-02
 3735.00   -0.910E-02
 3736.00   -0.607E-02
 3737.00   -0.226E-02
 3738.00   -0.418E-02
 3739.00   -0.986E-02
 3740.00   -0.644E-02
 3741.00   -0.874E-02
 3742.00   -0.910E-02
 3743.00   -0.163E-01
 3744.00   -0.418E-02
 3745.00   -0.681E-02
 3746.00   -0.133E-01
 3747.00   -0.190E-02
 3748.00   -0.125E-01
 3749.00   -0.762E-02
 3750.00   -0.990E-02
 3751.00   -0.156E-01
 3752.00   -0.115E-02
 3753.00   -0.200E-05
 3754.00   -0.142E-01
 3755.00   -0.880E-02
 3756.00   -0.154E-02
 3757.00   -0.693E-02
 3758.00    0.229E-02
 3759.00   -0.730E-02
 3760.00    0.757E-03
 3761.00   -0.806E-02
 3762.00   -0.192E-02
 3763.00   -0.770E-03
 3764.00   -0.535E-02
 3765.00   -0.766E-02
 3766.00    0.747E-03
 3767.00   -0.843E-02
 3768.00    0.150E-05
 3769.00   -0.457E-02
 3770.00   -0.725E-02
 3771.00   -0.571E-02
 3772.00   -0.227E-02
 3773.00   -0.990E-02
 3774.00   -0.610E-02
 3775.00    0.229E-02
 3776.00   -0.989E-02
 3777.00   -0.226E-02
 3778.00    0.118E-01
 3779.00    0.779E-03
 3780.00    0.227E-02
 3781.00    0.379E-02
 3782.00   -0.112E-02
 3783.00    0.687E-02
 3784.00    0.152E-02
 3785.00    0.495E-02
 3786.00    0.687E-02
 3787.00    0.534E-02
 3788.00    0.122E-01
 3789.00    0.126E-01
 3790.00    0.126E-01
 3791.00   -0.100E-05
 3792.00    0.149E-01
 3793.00    0.168E-01
 3794.00    0.161E-01
 3795.00    0.203E-01
 3796.00    0.241E-01
 3797.00    0.180E-01
 3798.00    0.195E-01
 3799.00    0.265E-01
 3800.00    0.184E-01
 3801.00    0.258E-01
 3802.00    0.365E-01
 3803.00    0.416E-01
 3804.00    0.390E-01
 3805.00    0.479E-01
 3806.00    0.467E-01
 3807.00    0.511E-01
 3808.00    0.575E-01
 3809.00    0.579E-01
 3810.00    0.734E-01
 3811.00    0.780E-01
 3812.00    0.874E-01
 3813.00    0.906E-01
 3814.00    0.104E+00
 3815.00    0.124E+00
 3816.00    0.131E+00
 3817.00    0.138E+00
 3818.00    0.159E+00
 3819.00    0.174E+00
 3820.00    0.191E+00
 3821.00    0.217E+00
 3822.00    0.251E+00
 3823.00    0.291E+00
 3824.00    0.326E+00
 3825.00    0.388E+00
 3826.00    0.448E+00
 3827.00    0.540E+00
 3828.00    0.675E+00
 3829.00    0.900E+00
 3830.00    0.113E+01
 3831.00    0.145E+01
 3832.00    0.198E+01
 3833.00    0.278E+01
 3834.00    0.374E+01
 3835.00    0.529E+01
 3836.00    0.776E+01
 3837.00    0.109E+02
 3838.00    0.154E+02
 3839.00    0.223E+02
 3840.00    0.310E+02
 3841.00    0.389E+02
 3842.00    0.460E+02
 3843.00    0.526E+02
 3844.00    0.566E+02
 3845.00    0.586E+02
 3846.00    0.591E+02
 3847.00    0.598E+02
 3848.00    0.604E+02
 3849.00    0.612E+02
 3850.00    0.619E+02
 3851.00    0.632E+02
 3852.00    0.639E+02
 3853.00    0.647E+02
 3854.00    0.657E+02
 3855.00    0.659E+02
 3856.00    0.663E+02
 3857.00    0.669E+02
 3858.00    0.668E+02
 3859.00    0.670E+02
 3860.00    0.672E+02
 3861.00    0.673E+02
 3862.00    0.673E+02
 3863.00    0.673E+02
 3864.00    0.674E+02
 3865.00    0.675E+02
 3866.00    0.670E+02
 3867.00    0.674E+02
 3868.00    0.671E+02
 3869.00    0.672E+02
 3870.00    0.672E+02
 3871.00    0.672E+02
 3872.00    0.671E+02
 3873.00    0.668E+02
 3874.00    0.668E+02
 3875.00    0.667E+02
 3876.00    0.665E+02
 3877.00    0.667E+02
 3878.00    0.663E+02
 3879.00    0.664E+02
 3880.00    0.664E+02
 3881.00    0.663E+02
 3882.00    0.659E+02
 3883.00    0.655E+02
 3884.00    0.651E+02
 3885.00    0.646E+02
 3886.00    0.638E+02
 3887.00    0.630E+02
 3888.00    0.624E+02
 3889.00    0.615E+02
 3890.00    0.598E+02
 3891.00    0.577E+02
 3892.00    0.550E+02
 3893.00    0.510E+02
 3894.00    0.446E+02
 3895.00    0.378E+02
 3896.00    0.307E+02
 3897.00    0.231E+02
 3898.00    0.165E+02
 3899.00    0.123E+02
 3900.00    0.920E+01
 3901.00    0.637E+01
 3902.00    0.465E+01
 3903.00    0.357E+01
 3904.00    0.252E+01
 3905.00    0.194E+01
 3906.00    0.152E+01
 3907.00    0.114E+01
 3908.00    0.914E+00
 3909.00    0.758E+00
 3910.00    0.567E+00
 3911.00    0.462E+00
 3912.00    0.395E+00
 3913.00    0.342E+00
 3914.00    0.293E+00
 3915.00    0.245E+00
 3916.00    0.212E+00
 3917.00    0.190E+00
 3918.00    0.165E+00
 3919.00    0.154E+00
 3920.00    0.126E+00
 3921.00    0.116E+00
 3922.00    0.101E+00
 3923.00    0.956E-01
 3924.00    0.883E-01
 3925.00    0.752E-01
 3926.00    0.734E-01
 3927.00    0.648E-01
 3928.00    0.534E-01
 3929.00    0.593E-01
 3930.00    0.524E-01
 3931.00    0.390E-01
 3932.00    0.409E-01
 3933.00    0.417E-01
 3934.00    0.417E-01
 3935.00    0.268E-01
 3936.00    0.333E-01
 3937.00    0.234E-01
 3938.00    0.211E-01
 3939.00    0.203E-01
 3940.00    0.219E-01
 3941.00    0.146E-01
 3942.00    0.177E-01
 3943.00    0.172E-01
 3944.00    0.142E-01
 3945.00    0.921E-02
 3946.00    0.165E-01
 3947.00    0.123E-01
 3948.00    0.962E-02
 3949.00    0.847E-02
 3950.00    0.107E-01
 3951.00    0.229E-02
 3952.00    0.782E-03
 3953.00    0.694E-02
 3954.00   -0.116E-02
 3955.00    0.114E-02
 3956.00    0.423E-02
 3957.00    0.268E-02
 3958.00    0.536E-02
 3959.00    0.777E-03
 3960.00   -0.783E-03
 3961.00   -0.386E-02
 3962.00   -0.269E-02
 3963.00   -0.385E-02
 3964.00    0.384E-02
 3965.00   -0.691E-02
 3966.00   -0.154E-02
 3967.00    0.157E-02
 3968.00   -0.780E-03
 3969.00   -0.920E-02
 3970.00    0.154E-02
 3971.00   -0.154E-02
 3972.00    0.192E-02
 3973.00   -0.613E-02
 3974.00   -0.689E-02
 3975.00   -0.692E-02
 3976.00    0.230E-02
 3977.00   -0.107E-01
 3978.00   -0.654E-02
 3979.00   -0.344E-02
 3980.00   -0.652E-02
 3981.00   -0.347E-02
 3982.00   -0.780E-03
 3983.00   -0.780E-03
 3984.00   -0.688E-02
 3985.00   -0.840E-02
 3986.00   -0.496E-02
 3987.00   -0.843E-02
 3988.00   -0.689E-02
 3989.00   -0.231E-02
 3990.00   -0.458E-02
 3991.00   -0.375E-03
 3992.00   -0.919E-02
 3993.00   -0.344E-02
 3994.00   -0.575E-02
 3995.00    0.782E-03
 3996.00   -0.380E-03
 3997.00   -0.344E-02
 3998.00   -0.809E-02
 3999.00   -0.614E-02
 4000.00   -0.692E-02
 4001.00   -0.614E-02
 4002.00   -0.134E-01
 4003.00   -0.613E-02
 4004.00   -0.692E-02
 4005.00   -0.138E-01
 4006.00   -0.614E-02
 4007.00   -0.534E-02
 4008.00   -0.689E-02
 4009.00   -0.176E-01
 4010.00   -0.922E-02
 4011.00   -0.384E-02
 4012.00   -0.687E-02
 4013.00   -0.763E-02
 4014.00   -0.686E-02
 4015.00   -0.876E-02
 4016.00   -0.650E-02
 4017.00   -0.381E-02
 4018.00   -0.763E-02
 4019.00   -0.268E-02
 4020.00   -0.137E-01
 4021.00   -0.612E-02
 4022.00   -0.996E-02
 4023.00   -0.134E-01
 4024.00   -0.917E-02
 4025.00   -0.346E-02
 4026.00   -0.728E-02
 4027.00   -0.111E-01
 4028.00   -0.690E-02
 4029.00   -0.462E-02
 4030.00   -0.228E-02
 4031.00   -0.103E-01
 4032.00   -0.306E-02
 4033.00   -0.381E-02
 4034.00   -0.111E-01
 4035.00   -0.305E-02
 4036.00   -0.802E-02
 4037.00   -0.111E-01
 4038.00   -0.612E-02
 4039.00   -0.763E-02
 4040.00   -0.763E-02
 4041.00   -0.535E-02
 4042.00   -0.382E-02
 4043.00   -0.228E-02
 4044.00   -0.228E-02
 4045.00   -0.609E-02
 4046.00   -0.872E-02
 4047.00   -0.683E-02
 4048.00   -0.989E-02
 4049.00   -0.534E-02
 4050.00   -0.420E-02
 4051.00    0.300E-05
 4052.00   -0.191E-02
 4053.00   -0.646E-02
 4054.00   -0.916E-02
 4055.00   -0.997E-02
 4056.00   -0.307E-02
 4057.00   -0.460E-02
 4058.00   -0.755E-03
 4059.00   -0.499E-02
 4060.00   -0.305E-02
 4061.00   -0.346E-02
 4062.00   -0.846E-02
 4063.00   -0.381E-03
 4064.00   -0.655E-02
 4065.00   -0.771E-02
 4066.00   -0.415E-03
 4067.00   -0.540E-02
 4068.00   -0.271E-02
 4069.00   -0.785E-03
 4070.00    0.308E-02
 4071.00   -0.540E-02
 4072.00   -0.541E-02
 4073.00    0.541E-02
 4074.00   -0.760E-03
 4075.00   -0.233E-02
 4076.00   -0.192E-02
 4077.00    0.378E-03
 4078.00   -0.345E-02
 4079.00    0.758E-03
 4080.00   -0.387E-02
 4081.00    0.384E-02
 4082.00   -0.422E-02
 4083.00    0.195E-02
 4084.00    0.424E-02
 4085.00    0.116E-02
 4086.00    0.112E-01
 4087.00    0.194E-02
 4088.00    0.230E-02
 4089.00    0.461E-02
 4090.00    0.232E-02
 4091.00   -0.114E-02
 4092.00    0.308E-02
 4093.00    0.462E-02
 4094.00   -0.194E-02
 4095.00    0.227E-02
 4096.00   -0.760E-03
 4097.00   -0.756E-03
 4098.00    0.848E-02
 4099.00    0.192E-02
 4100.00    0.460E-02
 4101.00    0.000E+00
 4102.00    0.000E+00
 4103.00    0.000E+00
 4104.00    0.000E+00
 4105.00    0.000E+00
 4106.00    0.000E+00
 4107.00    0.000E+00
 4108.00    0.000E+00
 4109.00    0.000E+00
 4110.00    0.000E+00
 4111.00    0.000E+00
 4112.00    0.000E+00
 4113.00    0.000E+00
 4114.00    0.000E+00
 4115.00    0.000E+00
 4116.00    0.000E+00
 4117.00    0.000E+00
 4118.00    0.000E+00
 4119.00    0.000E+00
 4120.00    0.000E+00
 4121.00    0.000E+00
 4122.00    0.000E+00
 4123.00    0.000E+00
 4124.00    0.000E+00
 4125.00    0.000E+00
 4126.00    0.000E+00
 4127.00    0.000E+00
 4128.00    0.000E+00
 4129.00    0.000E+00
 4130.00    0.000E+00
 4131.00    0.000E+00
 4132.00    0.000E+00
 4133.00    0.000E+00
 4134.00    0.000E+00
 4135.00    0.000E+00
 4136.00    0.000E+00
 4137.00    0.000E+00
 4138.00    0.000E+00
 4139.00    0.000E+00
 4140.00    0.000E+00
 4141.00    0.000E+00
 4142.00    0.000E+00
 4143.00    0.000E+00
 4144.00    0.000E+00
 4145.00    0.000E+00
 4146.00    0.000E+00
 4147.00    0.000E+00
 4148.00    0.000E+00
 4149.00    0.000E+00
 4150.00    0.000E+00
 4151.00    0.000E+00
 4152.00    0.000E+00
 4153.00    0.000E+00
 4154.00    0.000E+00
 4155.00    0.000E+00
 4156.00    0.000E+00
 4157.00    0.000E+00
 4158.00    0.000E+00
 4159.00    0.000E+00
 4160.00    0.000E+00
 4161.00    0.000E+00
 4162.00    0.000E+00
 4163.00    0.000E+00
 4164.00    0.000E+00
 4165.00    0.000E+00
 4166.00    0.000E+00
 4167.00    0.000E+00
 4168.00    0.000E+00
 4169.00    0.000E+00
 4170.00    0.000E+00
 4171.00    0.000E+00
 4172.00    0.000E+00
 4173.00    0.000E+00
 4174.00    0.000E+00
 4175.00    0.000E+00
 4176.00    0.000E+00
 4177.00    0.000E+00
 4178.00    0.000E+00
 4179.00    0.000E+00
 4180.00    0.000E+00
 4181.00    0.000E+00
 4182.00    0.000E+00
 4183.00    0.000E+00
 4184.00    0.000E+00
 4185.00    0.000E+00
 4186.00    0.000E+00
 4187.00    0.000E+00
 4188.00    0.000E+00
 4189.00    0.000E+00
 4190.00    0.000E+00
 4191.00    0.000E+00
 4192.00    0.000E+00
 4193.00    0.000E+00
 4194.00    0.000E+00
 4195.00    0.000E+00
 4196.00    0.000E+00
 4197.00    0.000E+00
 4198.00    0.000E+00
 4199.00    0.000E+00
 4200.00    0.000E+00
 4201.00    0.000E+00
 4202.00    0.000E+00
 4203.00    0.000E+00
 4204.00    0.000E+00
 4205.00    0.000E+00
 4206.00    0.000E+00
 4207.00    0.000E+00
 4208.00    0.000E+00
 4209.00    0.000E+00
 4210.00    0.000E+00
 4211.00    0.000E+00
 4212.00    0.000E+00
 4213.00    0.000E+00
 4214.00    0.000E+00
 4215.00    0.000E+00
 4216.00    0.000E+00
 4217.00    0.000E+00
 4218.00    0.000E+00
 4219.00    0.000E+00
 4220.00    0.000E+00
 4221.00    0.000E+00
 4222.00    0.000E+00
 4223.00    0.000E+00
 4224.00    0.000E+00
 4225.00    0.000E+00
 4226.00    0.000E+00
 4227.00    0.000E+00
 4228.00    0.000E+00
 4229.00    0.000E+00
 4230.00    0.000E+00
 4231.00    0.000E+00
 4232.00    0.000E+00
 4233.00    0.000E+00
 4234.00    0.000E+00
 4235.00    0.000E+00
 4236.00    0.000E+00
 4237.00    0.000E+00
 4238.00    0.000E+00
 4239.00    0.000E+00
 4240.00    0.000E+00
 4241.00    0.000E+00
 4242.00    0.000E+00
 4243.00    0.000E+00
 4244.00    0.000E+00
 4245.00    0.000E+00
 4246.00    0.000E+00
 4247.00    0.000E+00
 4248.00    0.000E+00
 4249.00    0.000E+00
 4250.00    0.000E+00
 4251.00    0.000E+00
 4252.00    0.000E+00
 4253.00    0.000E+00
 4254.00    0.000E+00
 4255.00    0.000E+00
 4256.00    0.000E+00
 4257.00    0.000E+00
 4258.00    0.000E+00
 4259.00    0.000E+00
 4260.00    0.000E+00
 4261.00    0.000E+00
 4262.00    0.000E+00
 4263.00    0.000E+00
 4264.00    0.000E+00
 4265.00    0.000E+00
 4266.00    0.000E+00
 4267.00    0.000E+00
 4268.00    0.000E+00
 4269.00    0.000E+00
 4270.00    0.000E+00
 4271.00    0.000E+00
 4272.00    0.000E+00
 4273.00    0.000E+00
 4274.00    0.000E+00
 4275.00    0.000E+00
 4276.00    0.000E+00
 4277.00    0.000E+00
 4278.00    0.000E+00
 4279.00    0.000E+00
 4280.00    0.000E+00
 4281.00    0.000E+00
 4282.00    0.000E+00
 4283.00    0.000E+00
 4284.00    0.000E+00
 4285.00    0.000E+00
 4286.00    0.000E+00
 4287.00    0.000E+00
 4288.00    0.000E+00
 4289.00    0.000E+00
 4290.00    0.000E+00
 4291.00    0.000E+00
 4292.00    0.000E+00
 4293.00    0.000E+00
 4294.00    0.000E+00
 4295.00    0.000E+00
 4296.00    0.000E+00
 4297.00    0.000E+00
 4298.00    0.000E+00
 4299.00    0.000E+00
 4300.00    0.000E+00
 4301.00    0.000E+00
 4302.00    0.000E+00
 4303.00    0.000E+00
 4304.00    0.000E+00
 4305.00    0.000E+00
 4306.00    0.000E+00
 4307.00    0.000E+00
 4308.00    0.000E+00
 4309.00    0.000E+00
 4310.00    0.000E+00
 4311.00    0.000E+00
 4312.00    0.000E+00
 4313.00    0.000E+00
 4314.00    0.000E+00
 4315.00    0.000E+00
 4316.00    0.000E+00
 4317.00    0.000E+00
 4318.00    0.000E+00
 4319.00    0.000E+00
 4320.00    0.000E+00
 4321.00    0.000E+00
 4322.00    0.000E+00
 4323.00    0.000E+00
 4324.00    0.000E+00
 4325.00    0.000E+00
 4326.00    0.000E+00
 4327.00    0.000E+00
 4328.00    0.000E+00
 4329.00    0.000E+00
 4330.00    0.000E+00
 4331.00    0.000E+00
 4332.00    0.000E+00
 4333.00    0.000E+00
 4334.00    0.000E+00
 4335.00    0.000E+00
 4336.00    0.000E+00
 4337.00    0.000E+00
 4338.00    0.000E+00
 4339.00    0.000E+00
 4340.00    0.000E+00
 4341.00    0.000E+00
 4342.00    0.000E+00
 4343.00    0.000E+00
 4344.00    0.000E+00
 4345.00    0.000E+00
 4346.00    0.000E+00
 4347.00    0.000E+00
 4348.00    0.000E+00
 4349.00    0.000E+00
 4350.00    0.000E+00
 4351.00    0.000E+00
 4352.00    0.000E+00
 4353.00    0.000E+00
 4354.00    0.000E+00
 4355.00    0.000E+00
 4356.00    0.000E+00
 4357.00    0.000E+00
 4358.00    0.000E+00
 4359.00    0.000E+00
 4360.00    0.000E+00
 4361.00    0.000E+00
 4362.00    0.000E+00
 4363.00    0.000E+00
 4364.00    0.000E+00
 4365.00    0.000E+00
 4366.00    0.000E+00
 4367.00    0.000E+00
 4368.00    0.000E+00
 4369.00    0.000E+00
 4370.00    0.000E+00
 4371.00    0.000E+00
 4372.00    0.000E+00
 4373.00    0.000E+00
 4374.00    0.000E+00
 4375.00    0.000E+00
 4376.00    0.000E+00
 4377.00    0.000E+00
 4378.00    0.000E+00
 4379.00    0.000E+00
 4380.00    0.000E+00
 4381.00    0.000E+00
 4382.00    0.000E+00
 4383.00    0.000E+00
 4384.00    0.000E+00
 4385.00    0.000E+00
 4386.00    0.000E+00
 4387.00    0.000E+00
 4388.00    0.000E+00
 4389.00    0.000E+00
 4390.00    0.000E+00
 4391.00    0.000E+00
 4392.00    0.000E+00
 4393.00    0.000E+00
 4394.00    0.000E+00
 4395.00    0.000E+00
 4396.00    0.000E+00
 4397.00    0.000E+00
 4398.00    0.000E+00
 4399.00    0.000E+00
 4400.00    0.000E+00
 4401.00    0.000E+00
 4402.00    0.000E+00
 4403.00    0.000E+00
 4404.00    0.000E+00
 4405.00    0.000E+00
 4406.00    0.000E+00
 4407.00    0.000E+00
 4408.00    0.000E+00
 4409.00    0.000E+00
 4410.00    0.000E+00
 4411.00    0.000E+00
 4412.00    0.000E+00
 4413.00    0.000E+00
 4414.00    0.000E+00
 4415.00    0.000E+00
 4416.00    0.000E+00
 4417.00    0.000E+00
 4418.00    0.000E+00
 4419.00    0.000E+00
 4420.00    0.000E+00
 4421.00    0.000E+00
 4422.00    0.000E+00
 4423.00    0.000E+00
 4424.00    0.000E+00
 4425.00    0.000E+00
 4426.00    0.000E+00
 4427.00    0.000E+00
 4428.00    0.000E+00
 4429.00    0.000E+00
 4430.00    0.000E+00
 4431.00    0.000E+00
 4432.00    0.000E+00
 4433.00    0.000E+00
 4434.00    0.000E+00
 4435.00    0.000E+00
 4436.00    0.000E+00
 4437.00    0.000E+00
 4438.00    0.000E+00
 4439.00    0.000E+00
 4440.00    0.000E+00
 4441.00    0.000E+00
 4442.00    0.000E+00
 4443.00    0.000E+00
 4444.00    0.000E+00
 4445.00    0.000E+00
 4446.00    0.000E+00
 4447.00    0.000E+00
 4448.00    0.000E+00
 4449.00    0.000E+00
 4450.00    0.000E+00
 4451.00    0.000E+00
 4452.00    0.000E+00
 4453.00    0.000E+00
 4454.00    0.000E+00
 4455.00    0.000E+00
 4456.00    0.000E+00
 4457.00    0.000E+00
 4458.00    0.000E+00
 4459.00    0.000E+00
 4460.00    0.000E+00
 4461.00    0.000E+00
 4462.00    0.000E+00
 4463.00    0.000E+00
 4464.00    0.000E+00
 4465.00    0.000E+00
 4466.00    0.000E+00
 4467.00    0.000E+00
 4468.00    0.000E+00
 4469.00    0.000E+00
 4470.00    0.000E+00
 4471.00    0.000E+00
 4472.00    0.000E+00
 4473.00    0.000E+00
 4474.00    0.000E+00
 4475.00    0.000E+00
 4476.00    0.000E+00
 4477.00    0.000E+00
 4478.00    0.000E+00
 4479.00    0.000E+00
 4480.00    0.000E+00
 4481.00    0.000E+00
 4482.00    0.000E+00
 4483.00    0.000E+00
 4484.00    0.000E+00
 4485.00    0.000E+00
 4486.00    0.000E+00
 4487.00    0.000E+00
 4488.00    0.000E+00
 4489.00    0.000E+00
 4490.00    0.000E+00
 4491.00    0.000E+00
 4492.00    0.000E+00
 4493.00    0.000E+00
 4494.00    0.000E+00
 4495.00    0.000E+00
 4496.00    0.000E+00
 4497.00    0.000E+00
 4498.00    0.000E+00
 4499.00    0.000E+00
 4500.00    0.000E+00
 4501.00    0.000E+00
 4502.00    0.000E+00
 4503.00    0.000E+00
 4504.00    0.000E+00
 4505.00    0.000E+00
 4506.00    0.000E+00
 4507.00    0.000E+00
 4508.00    0.000E+00
 4509.00    0.000E+00
 4510.00    0.000E+00
 4511.00    0.000E+00
 4512.00    0.000E+00
 4513.00    0.000E+00
 4514.00    0.000E+00
 4515.00    0.000E+00
 4516.00    0.000E+00
 4517.00    0.000E+00
 4518.00    0.000E+00
 4519.00    0.000E+00
 4520.00    0.000E+00
 4521.00    0.000E+00
 4522.00    0.000E+00
 4523.00    0.000E+00
 4524.00    0.000E+00
 4525.00    0.000E+00
 4526.00    0.000E+00
 4527.00    0.000E+00
 4528.00    0.000E+00
 4529.00    0.000E+00
 4530.00    0.000E+00
 4531.00    0.000E+00
 4532.00    0.000E+00
 4533.00    0.000E+00
 4534.00    0.000E+00
 4535.00    0.000E+00
 4536.00    0.000E+00
 4537.00    0.000E+00
 4538.00    0.000E+00
 4539.00    0.000E+00
 4540.00    0.000E+00
 4541.00    0.000E+00
 4542.00    0.000E+00
 4543.00    0.000E+00
 4544.00    0.000E+00
 4545.00    0.000E+00
 4546.00    0.000E+00
 4547.00    0.000E+00
 4548.00    0.000E+00
 4549.00    0.000E+00
 4550.00    0.000E+00
 4551.00    0.000E+00
 4552.00    0.000E+00
 4553.00    0.000E+00
 4554.00    0.000E+00
 4555.00    0.000E+00
 4556.00    0.000E+00
 4557.00    0.000E+00
 4558.00    0.000E+00
 4559.00    0.000E+00
 4560.00    0.000E+00
 4561.00    0.000E+00
 4562.00    0.000E+00
 4563.00    0.000E+00
 4564.00    0.000E+00
 4565.00    0.000E+00
 4566.00    0.000E+00
 4567.00    0.000E+00
 4568.00    0.000E+00
 4569.00    0.000E+00
 4570.00    0.000E+00
 4571.00    0.000E+00
 4572.00    0.000E+00
 4573.00    0.000E+00
 4574.00    0.000E+00
 4575.00    0.000E+00
 4576.00    0.000E+00
 4577.00    0.000E+00
 4578.00    0.000E+00
 4579.00    0.000E+00
 4580.00    0.000E+00
 4581.00    0.000E+00
 4582.00    0.000E+00
 4583.00    0.000E+00
 4584.00    0.000E+00
 4585.00    0.000E+00
 4586.00    0.000E+00
 4587.00    0.000E+00
 4588.00    0.000E+00
 4589.00    0.000E+00
 4590.00    0.000E+00
 4591.00    0.000E+00
 4592.00    0.000E+00
 4593.00    0.000E+00
 4594.00    0.000E+00
 4595.00    0.000E+00
 4596.00    0.000E+00
 4597.00    0.000E+00
 4598.00    0.000E+00
 4599.00    0.000E+00
 4600.00    0.000E+00
 4601.00    0.000E+00
 4602.00    0.000E+00
 4603.00    0.000E+00
 4604.00    0.000E+00
 4605.00    0.000E+00
 4606.00    0.000E+00
 4607.00    0.000E+00
 4608.00    0.000E+00
 4609.00    0.000E+00
 4610.00    0.000E+00
 4611.00    0.000E+00
 4612.00    0.000E+00
 4613.00    0.000E+00
 4614.00    0.000E+00
 4615.00    0.000E+00
 4616.00    0.000E+00
 4617.00    0.000E+00
 4618.00    0.000E+00
 4619.00    0.000E+00
 4620.00    0.000E+00
 4621.00    0.000E+00
 4622.00    0.000E+00
 4623.00    0.000E+00
 4624.00    0.000E+00
 4625.00    0.000E+00
 4626.00    0.000E+00
 4627.00    0.000E+00
 4628.00    0.000E+00
 4629.00    0.000E+00
 4630.00    0.000E+00
 4631.00    0.000E+00
 4632.00    0.000E+00
 4633.00    0.000E+00
 4634.00    0.000E+00
 4635.00    0.000E+00
 4636.00    0.000E+00
 4637.00    0.000E+00
 4638.00    0.000E+00
 4639.00    0.000E+00
 4640.00    0.000E+00
 4641.00    0.000E+00
 4642.00    0.000E+00
 4643.00    0.000E+00
 4644.00    0.000E+00
 4645.00    0.000E+00
 4646.00    0.000E+00
 4647.00    0.000E+00
 4648.00    0.000E+00
 4649.00    0.000E+00
 4650.00    0.000E+00
 4651.00    0.000E+00
 4652.00    0.000E+00
 4653.00    0.000E+00
 4654.00    0.000E+00
 4655.00    0.000E+00
 4656.00    0.000E+00
 4657.00    0.000E+00
 4658.00    0.000E+00
 4659.00    0.000E+00
 4660.00    0.000E+00
 4661.00    0.000E+00
 4662.00    0.000E+00
 4663.00    0.000E+00
 4664.00    0.000E+00
 4665.00    0.000E+00
 4666.00    0.000E+00
 4667.00    0.000E+00
 4668.00    0.000E+00
 4669.00    0.000E+00
 4670.00    0.000E+00
 4671.00    0.000E+00
 4672.00    0.000E+00
 4673.00    0.000E+00
 4674.00    0.000E+00
 4675.00    0.000E+00
 4676.00    0.000E+00
 4677.00    0.000E+00
 4678.00    0.000E+00
 4679.00    0.000E+00
 4680.00    0.000E+00
 4681.00    0.000E+00
 4682.00    0.000E+00
 4683.00    0.000E+00
 4684.00    0.000E+00
 4685.00    0.000E+00
 4686.00    0.000E+00
 4687.00    0.000E+00
 4688.00    0.000E+00
 4689.00    0.000E+00
 4690.00    0.000E+00
 4691.00    0.000E+00
 4692.00    0.000E+00
 4693.00    0.000E+00
 4694.00    0.000E+00
 4695.00    0.000E+00
 4696.00    0.000E+00
 4697.00    0.000E+00
 4698.00    0.000E+00
 4699.00    0.000E+00
 4700.00    0.000E+00
 4701.00    0.000E+00
 4702.00    0.000E+00
 4703.00    0.000E+00
 4704.00    0.000E+00
 4705.00    0.000E+00
 4706.00    0.000E+00
 4707.00    0.000E+00
 4708.00    0.000E+00
 4709.00    0.000E+00
 4710.00    0.000E+00
 4711.00    0.000E+00
 4712.00    0.000E+00
 4713.00    0.000E+00
 4714.00    0.000E+00
 4715.00    0.000E+00
 4716.00    0.000E+00
 4717.00    0.000E+00
 4718.00    0.000E+00
 4719.00    0.000E+00
 4720.00    0.000E+00
 4721.00    0.000E+00
 4722.00    0.000E+00
 4723.00    0.000E+00
 4724.00    0.000E+00
 4725.00    0.000E+00
 4726.00    0.000E+00
 4727.00    0.000E+00
 4728.00    0.000E+00
 4729.00    0.000E+00
 4730.00    0.000E+00
 4731.00    0.000E+00
 4732.00    0.000E+00
 4733.00    0.000E+00
 4734.00    0.000E+00
 4735.00    0.000E+00
 4736.00    0.000E+00
 4737.00    0.000E+00
 4738.00    0.000E+00
 4739.00    0.000E+00
 4740.00    0.000E+00
 4741.00    0.000E+00
 4742.00    0.000E+00
 4743.00    0.000E+00
 4744.00    0.000E+00
 4745.00    0.000E+00
 4746.00    0.000E+00
 4747.00    0.000E+00
 4748.00    0.000E+00
 4749.00    0.000E+00
 4750.00    0.000E+00
 4751.00    0.000E+00
 4752.00    0.000E+00
 4753.00    0.000E+00
 4754.00    0.000E+00
 4755.00    0.000E+00
 4756.00    0.000E+00
 4757.00    0.000E+00
 4758.00    0.000E+00
 4759.00    0.000E+00
 4760.00    0.000E+00
 4761.00    0.000E+00
 4762.00    0.000E+00
 4763.00    0.000E+00
 4764.00    0.000E+00
 4765.00    0.000E+00
 4766.00    0.000E+00
 4767.00    0.000E+00
 4768.00    0.000E+00
 4769.00    0.000E+00
 4770.00    0.000E+00
 4771.00    0.000E+00
 4772.00    0.000E+00
 4773.00    0.000E+00
 4774.00    0.000E+00
 4775.00    0.000E+00
 4776.00    0.000E+00
 4777.00    0.000E+00
 4778.00    0.000E+00
 4779.00    0.000E+00
 4780.00    0.000E+00
 4781.00    0.000E+00
 4782.00    0.000E+00
 4783.00    0.000E+00
 4784.00    0.000E+00
 4785.00    0.000E+00
 4786.00    0.000E+00
 4787.00    0.000E+00
 4788.00    0.000E+00
 4789.00    0.000E+00
 4790.00    0.000E+00
 4791.00    0.000E+00
 4792.00    0.000E+00
 4793.00    0.000E+00
 4794.00    0.000E+00
 4795.00    0.000E+00
 4796.00    0.000E+00
 4797.00    0.000E+00
 4798.00    0.000E+00
 4799.00    0.000E+00
 4800.00    0.000E+00
 4801.00    0.000E+00
 4802.00    0.000E+00
 4803.00    0.000E+00
 4804.00    0.000E+00
 4805.00    0.000E+00
 4806.00    0.000E+00
 4807.00    0.000E+00
 4808.00    0.000E+00
 4809.00    0.000E+00
 4810.00    0.000E+00
 4811.00    0.000E+00
 4812.00    0.000E+00
 4813.00    0.000E+00
 4814.00    0.000E+00
 4815.00    0.000E+00
 4816.00    0.000E+00
 4817.00    0.000E+00
 4818.00    0.000E+00
 4819.00    0.000E+00
 4820.00    0.000E+00
 4821.00    0.000E+00
 4822.00    0.000E+00
 4823.00    0.000E+00
 4824.00    0.000E+00
 4825.00    0.000E+00
 4826.00    0.000E+00
 4827.00    0.000E+00
 4828.00    0.000E+00
 4829.00    0.000E+00
 4830.00    0.000E+00
 4831.00    0.000E+00
 4832.00    0.000E+00
 4833.00    0.000E+00
 4834.00    0.000E+00
 4835.00    0.000E+00
 4836.00    0.000E+00
 4837.00    0.000E+00
 4838.00    0.000E+00
 4839.00    0.000E+00
 4840.00    0.000E+00
 4841.00    0.000E+00
 4842.00    0.000E+00
 4843.00    0.000E+00
 4844.00    0.000E+00
 4845.00    0.000E+00
 4846.00    0.000E+00
 4847.00    0.000E+00
 4848.00    0.000E+00
 4849.00    0.000E+00
 4850.00    0.000E+00
 4851.00    0.000E+00
 4852.00    0.000E+00
 4853.00    0.000E+00
 4854.00    0.000E+00
 4855.00    0.000E+00
 4856.00    0.000E+00
 4857.00    0.000E+00
 4858.00    0.000E+00
 4859.00    0.000E+00
 4860.00    0.000E+00
 4861.00    0.000E+00
 4862.00    0.000E+00
 4863.00    0.000E+00
 4864.00    0.000E+00
 4865.00    0.000E+00
 4866.00    0.000E+00
 4867.00    0.000E+00
 4868.00    0.000E+00
 4869.00    0.000E+00
 4870.00    0.000E+00
 4871.00    0.000E+00
 4872.00    0.000E+00
 4873.00    0.000E+00
 4874.00    0.000E+00
 4875.00    0.000E+00
 4876.00    0.000E+00
 4877.00    0.000E+00
 4878.00    0.000E+00
 4879.00    0.000E+00
 4880.00    0.000E+00
 4881.00    0.000E+00
 4882.00    0.000E+00
 4883.00    0.000E+00
 4884.00    0.000E+00
 4885.00    0.000E+00
 4886.00    0.000E+00
 4887.00    0.000E+00
 4888.00    0.000E+00
 4889.00    0.000E+00
 4890.00    0.000E+00
 4891.00    0.000E+00
 4892.00    0.000E+00
 4893.00    0.000E+00
 4894.00    0.000E+00
 4895.00    0.000E+00
 4896.00    0.000E+00
 4897.00    0.000E+00
 4898.00    0.000E+00
 4899.00    0.000E+00
 4900.00    0.000E+00
 4901.00    0.000E+00
 4902.00    0.000E+00
 4903.00    0.000E+00
 4904.00    0.000E+00
 4905.00    0.000E+00
 4906.00    0.000E+00
 4907.00    0.000E+00
 4908.00    0.000E+00
 4909.00    0.000E+00
 4910.00    0.000E+00
 4911.00    0.000E+00
 4912.00    0.000E+00
 4913.00    0.000E+00
 4914.00    0.000E+00
 4915.00    0.000E+00
 4916.00    0.000E+00
 4917.00    0.000E+00
 4918.00    0.000E+00
 4919.00    0.000E+00
 4920.00    0.000E+00
 4921.00    0.000E+00
 4922.00    0.000E+00
 4923.00    0.000E+00
 4924.00    0.000E+00
 4925.00    0.000E+00
 4926.00    0.000E+00
 4927.00    0.000E+00
 4928.00    0.000E+00
 4929.00    0.000E+00
 4930.00    0.000E+00
 4931.00    0.000E+00
 4932.00    0.000E+00
 4933.00    0.000E+00
 4934.00    0.000E+00
 4935.00    0.000E+00
 4936.00    0.000E+00
 4937.00    0.000E+00
 4938.00    0.000E+00
 4939.00    0.000E+00
 4940.00    0.000E+00
 4941.00    0.000E+00
 4942.00    0.000E+00
 4943.00    0.000E+00
 4944.00    0.000E+00
 4945.00    0.000E+00
 4946.00    0.000E+00
 4947.00    0.000E+00
 4948.00    0.000E+00
 4949.00    0.000E+00
 4950.00    0.000E+00
 4951.00    0.000E+00
 4952.00    0.000E+00
 4953.00    0.000E+00
 4954.00    0.000E+00
 4955.00    0.000E+00
 4956.00    0.000E+00
 4957.00    0.000E+00
 4958.00    0.000E+00
 4959.00    0.000E+00
 4960.00    0.000E+00
 4961.00    0.000E+00
 4962.00    0.000E+00
 4963.00    0.000E+00
 4964.00    0.000E+00
 4965.00    0.000E+00
 4966.00    0.000E+00
 4967.00    0.000E+00
 4968.00    0.000E+00
 4969.00    0.000E+00
 4970.00    0.000E+00
 4971.00    0.000E+00
 4972.00    0.000E+00
 4973.00    0.000E+00
 4974.00    0.000E+00
 4975.00    0.000E+00
 4976.00    0.000E+00
 4977.00    0.000E+00
 4978.00    0.000E+00
 4979.00    0.000E+00
 4980.00    0.000E+00
 4981.00    0.000E+00
 4982.00    0.000E+00
 4983.00    0.000E+00
 4984.00    0.000E+00
 4985.00    0.000E+00
 4986.00    0.000E+00
 4987.00    0.000E+00
 4988.00    0.000E+00
 4989.00    0.000E+00
 4990.00    0.000E+00
 4991.00    0.000E+00
 4992.00    0.000E+00
 4993.00    0.000E+00
 4994.00    0.000E+00
 4995.00    0.000E+00
 4996.00    0.000E+00
 4997.00    0.000E+00
 4998.00    0.000E+00
 4999.00    0.000E+00
 5000.00    0.000E+00
 5001.00    0.000E+00
 5002.00    0.000E+00
 5003.00    0.000E+00
 5004.00    0.000E+00
 5005.00    0.000E+00
 5006.00    0.000E+00
 5007.00    0.000E+00
 5008.00    0.000E+00
 5009.00    0.000E+00
 5010.00    0.000E+00
 5011.00    0.000E+00
 5012.00    0.000E+00
 5013.00    0.000E+00
 5014.00    0.000E+00
 5015.00    0.000E+00
 5016.00    0.000E+00
 5017.00    0.000E+00
 5018.00    0.000E+00
 5019.00    0.000E+00
 5020.00    0.000E+00
 5021.00    0.000E+00
 5022.00    0.000E+00
 5023.00    0.000E+00
 5024.00    0.000E+00
 5025.00    0.000E+00
 5026.00    0.000E+00
 5027.00    0.000E+00
 5028.00    0.000E+00
 5029.00    0.000E+00
 5030.00    0.000E+00
 5031.00    0.000E+00
 5032.00    0.000E+00
 5033.00    0.000E+00
 5034.00    0.000E+00
 5035.00    0.000E+00
 5036.00    0.000E+00
 5037.00    0.000E+00
 5038.00    0.000E+00
 5039.00    0.000E+00
 5040.00    0.000E+00
 5041.00    0.000E+00
 5042.00    0.000E+00
 5043.00    0.000E+00
 5044.00    0.000E+00
 5045.00    0.000E+00
 5046.00    0.000E+00
 5047.00    0.000E+00
 5048.00    0.000E+00
 5049.00    0.000E+00
 5050.00    0.000E+00
 5051.00    0.000E+00
 5052.00    0.000E+00
 5053.00    0.000E+00
 5054.00    0.000E+00
 5055.00    0.000E+00
 5056.00    0.000E+00
 5057.00    0.000E+00
 5058.00    0.000E+00
 5059.00    0.000E+00
 5060.00    0.000E+00
 5061.00    0.000E+00
 5062.00    0.000E+00
 5063.00    0.000E+00
 5064.00    0.000E+00
 5065.00    0.000E+00
 5066.00    0.000E+00
 5067.00    0.000E+00
 5068.00    0.000E+00
 5069.00    0.000E+00
 5070.00    0.000E+00
 5071.00    0.000E+00
 5072.00    0.000E+00
 5073.00    0.000E+00
 5074.00    0.000E+00
 5075.00    0.000E+00
 5076.00    0.000E+00
 5077.00    0.000E+00
 5078.00    0.000E+00
 5079.00    0.000E+00
 5080.00    0.000E+00
 5081.00    0.000E+00
 5082.00    0.000E+00
 5083.00    0.000E+00
 5084.00    0.000E+00
 5085.00    0.000E+00
 5086.00    0.000E+00
 5087.00    0.000E+00
 5088.00    0.000E+00
 5089.00    0.000E+00
 5090.00    0.000E+00
 5091.00    0.000E+00
 5092.00    0.000E+00
 5093.00    0.000E+00
 5094.00    0.000E+00
 5095.00    0.000E+00
 5096.00    0.000E+00
 5097.00    0.000E+00
 5098.00    0.000E+00
 5099.00    0.000E+00
 5100.00    0.000E+00
 5101.00    0.000E+00
 5102.00    0.000E+00
 5103.00    0.000E+00
 5104.00    0.000E+00
 5105.00    0.000E+00
 5106.00    0.000E+00
 5107.00    0.000E+00
 5108.00    0.000E+00
 5109.00    0.000E+00
 5110.00    0.000E+00
 5111.00    0.000E+00
 5112.00    0.000E+00
 5113.00    0.000E+00
 5114.00    0.000E+00
 5115.00    0.000E+00
 5116.00    0.000E+00
 5117.00    0.000E+00
 5118.00    0.000E+00
 5119.00    0.000E+00
 5120.00    0.000E+00
 5121.00    0.000E+00
 5122.00    0.000E+00
 5123.00    0.000E+00
 5124.00    0.000E+00
 5125.00    0.000E+00
 5126.00    0.000E+00
 5127.00    0.000E+00
 5128.00    0.000E+00
 5129.00    0.000E+00
 5130.00    0.000E+00
 5131.00    0.000E+00
 5132.00    0.000E+00
 5133.00    0.000E+00
 5134.00    0.000E+00
 5135.00    0.000E+00
 5136.00    0.000E+00
 5137.00    0.000E+00
 5138.00    0.000E+00
 5139.00    0.000E+00
 5140.00    0.000E+00
 5141.00    0.000E+00
 5142.00    0.000E+00
 5143.00    0.000E+00
 5144.00    0.000E+00
 5145.00    0.000E+00
 5146.00    0.000E+00
 5147.00    0.000E+00
 5148.00    0.000E+00
 5149.00    0.000E+00
 5150.00    0.000E+00
 5151.00    0.000E+00
 5152.00    0.000E+00
 5153.00    0.000E+00
 5154.00    0.000E+00
 5155.00    0.000E+00
 5156.00    0.000E+00
 5157.00    0.000E+00
 5158.00    0.000E+00
 5159.00    0.000E+00
 5160.00    0.000E+00
 5161.00    0.000E+00
 5162.00    0.000E+00
 5163.00    0.000E+00
 5164.00    0.000E+00
 5165.00    0.000E+00
 5166.00    0.000E+00
 5167.00    0.000E+00
 5168.00    0.000E+00
 5169.00    0.000E+00
 5170.00    0.000E+00
 5171.00    0.000E+00
 5172.00    0.000E+00
 5173.00    0.000E+00
 5174.00    0.000E+00
 5175.00    0.000E+00
 5176.00    0.000E+00
 5177.00    0.000E+00
 5178.00    0.000E+00
 5179.00    0.000E+00
 5180.00    0.000E+00
 5181.00    0.000E+00
 5182.00    0.000E+00
 5183.00    0.000E+00
 5184.00    0.000E+00
 5185.00    0.000E+00
 5186.00    0.000E+00
 5187.00    0.000E+00
 5188.00    0.000E+00
 5189.00    0.000E+00
 5190.00    0.000E+00
 5191.00    0.000E+00
 5192.00    0.000E+00
 5193.00    0.000E+00
 5194.00    0.000E+00
 5195.00    0.000E+00
 5196.00    0.000E+00
 5197.00    0.000E+00
 5198.00    0.000E+00
 5199.00    0.000E+00
 5200.00    0.000E+00
 5201.00    0.000E+00
 5202.00    0.000E+00
 5203.00    0.000E+00
 5204.00    0.000E+00
 5205.00    0.000E+00
 5206.00    0.000E+00
 5207.00    0.000E+00
 5208.00    0.000E+00
 5209.00    0.000E+00
 5210.00    0.000E+00
 5211.00    0.000E+00
 5212.00    0.000E+00
 5213.00    0.000E+00
 5214.00    0.000E+00
 5215.00    0.000E+00
 5216.00    0.000E+00
 5217.00    0.000E+00
 5218.00    0.000E+00
 5219.00    0.000E+00
 5220.00    0.000E+00
 5221.00    0.000E+00
 5222.00    0.000E+00
 5223.00    0.000E+00
 5224.00    0.000E+00
 5225.00    0.000E+00
 5226.00    0.000E+00
 5227.00    0.000E+00
 5228.00    0.000E+00
 5229.00    0.000E+00
 5230.00    0.000E+00
 5231.00    0.000E+00
 5232.00    0.000E+00
 5233.00    0.000E+00
 5234.00    0.000E+00
 5235.00    0.000E+00
 5236.00    0.000E+00
 5237.00    0.000E+00
 5238.00    0.000E+00
 5239.00    0.000E+00
 5240.00    0.000E+00
 5241.00    0.000E+00
 5242.00    0.000E+00
 5243.00    0.000E+00
 5244.00    0.000E+00
 5245.00    0.000E+00
 5246.00    0.000E+00
 5247.00    0.000E+00
 5248.00    0.000E+00
 5249.00    0.000E+00
 5250.00    0.000E+00
 5251.00    0.000E+00
 5252.00    0.000E+00
 5253.00    0.000E+00
 5254.00    0.000E+00
 5255.00    0.000E+00
 5256.00    0.000E+00
 5257.00    0.000E+00
 5258.00    0.000E+00
 5259.00    0.000E+00
 5260.00    0.000E+00
 5261.00    0.000E+00
 5262.00    0.000E+00
 5263.00    0.000E+00
 5264.00    0.000E+00
 5265.00    0.000E+00
 5266.00    0.000E+00
 5267.00    0.000E+00
 5268.00    0.000E+00
 5269.00    0.000E+00
 5270.00    0.000E+00
 5271.00    0.000E+00
 5272.00    0.000E+00
 5273.00    0.000E+00
 5274.00    0.000E+00
 5275.00    0.000E+00
 5276.00    0.000E+00
 5277.00    0.000E+00
 5278.00    0.000E+00
 5279.00    0.000E+00
 5280.00    0.000E+00
 5281.00    0.000E+00
 5282.00    0.000E+00
 5283.00    0.000E+00
 5284.00    0.000E+00
 5285.00    0.000E+00
 5286.00    0.000E+00
 5287.00    0.000E+00
 5288.00    0.000E+00
 5289.00    0.000E+00
 5290.00    0.000E+00
 5291.00    0.000E+00
 5292.00    0.000E+00
 5293.00    0.000E+00
 5294.00    0.000E+00
 5295.00    0.000E+00
 5296.00    0.000E+00
 5297.00    0.000E+00
 5298.00    0.000E+00
 5299.00    0.000E+00
 5300.00    0.000E+00
 5301.00    0.000E+00
 5302.00    0.000E+00
 5303.00    0.000E+00
 5304.00    0.000E+00
 5305.00    0.000E+00
 5306.00    0.000E+00
 5307.00    0.000E+00
 5308.00    0.000E+00
 5309.00    0.000E+00
 5310.00    0.000E+00
 5311.00    0.000E+00
 5312.00    0.000E+00
 5313.00    0.000E+00
 5314.00    0.000E+00
 5315.00    0.000E+00
 5316.00    0.000E+00
 5317.00    0.000E+00
 5318.00    0.000E+00
 5319.00    0.000E+00
 5320.00    0.000E+00
 5321.00    0.000E+00
 5322.00    0.000E+00
 5323.00    0.000E+00
 5324.00    0.000E+00
 5325.00    0.000E+00
 5326.00    0.000E+00
 5327.00    0.000E+00
 5328.00    0.000E+00
 5329.00    0.000E+00
 5330.00    0.000E+00
 5331.00    0.000E+00
 5332.00    0.000E+00
 5333.00    0.000E+00
 5334.00    0.000E+00
 5335.00    0.000E+00
 5336.00    0.000E+00
 5337.00    0.000E+00
 5338.00    0.000E+00
 5339.00    0.000E+00
 5340.00    0.000E+00
 5341.00    0.000E+00
 5342.00    0.000E+00
 5343.00    0.000E+00
 5344.00    0.000E+00
 5345.00    0.000E+00
 5346.00    0.000E+00
 5347.00    0.000E+00
 5348.00    0.000E+00
 5349.00    0.000E+00
 5350.00    0.000E+00
 5351.00    0.000E+00
 5352.00    0.000E+00
 5353.00    0.000E+00
 5354.00    0.000E+00
 5355.00    0.000E+00
 5356.00    0.000E+00
 5357.00    0.000E+00
 5358.00    0.000E+00
 5359.00    0.000E+00
 5360.00    0.000E+00
 5361.00    0.000E+00
 5362.00    0.000E+00
 5363.00    0.000E+00
 5364.00    0.000E+00
 5365.00    0.000E+00
 5366.00    0.000E+00
 5367.00    0.000E+00
 5368.00    0.000E+00
 5369.00    0.000E+00
 5370.00    0.000E+00
 5371.00    0.000E+00
 5372.00    0.000E+00
 5373.00    0.000E+00
 5374.00    0.000E+00
 5375.00    0.000E+00
 5376.00    0.000E+00
 5377.00    0.000E+00
 5378.00    0.000E+00
 5379.00    0.000E+00
 5380.00    0.000E+00
 5381.00    0.000E+00
 5382.00    0.000E+00
 5383.00    0.000E+00
 5384.00    0.000E+00
 5385.00    0.000E+00
 5386.00    0.000E+00
 5387.00    0.000E+00
 5388.00    0.000E+00
 5389.00    0.000E+00
 5390.00    0.000E+00
 5391.00    0.000E+00
 5392.00    0.000E+00
 5393.00    0.000E+00
 5394.00    0.000E+00
 5395.00    0.000E+00
 5396.00    0.000E+00
 5397.00    0.000E+00
 5398.00    0.000E+00
 5399.00    0.000E+00
 5400.00    0.000E+00
 5401.00    0.000E+00
 5402.00    0.000E+00
 5403.00    0.000E+00
 5404.00    0.000E+00
 5405.00    0.000E+00
 5406.00    0.000E+00
 5407.00    0.000E+00
 5408.00    0.000E+00
 5409.00    0.000E+00
 5410.00    0.000E+00
 5411.00    0.000E+00
 5412.00    0.000E+00
 5413.00    0.000E+00
 5414.00    0.000E+00
 5415.00    0.000E+00
 5416.00    0.000E+00
 5417.00    0.000E+00
 5418.00    0.000E+00
 5419.00    0.000E+00
 5420.00    0.000E+00
 5421.00    0.000E+00
 5422.00    0.000E+00
 5423.00    0.000E+00
 5424.00    0.000E+00
 5425.00    0.000E+00
 5426.00    0.000E+00
 5427.00    0.000E+00
 5428.00    0.000E+00
 5429.00    0.000E+00
 5430.00    0.000E+00
 5431.00    0.000E+00
 5432.00    0.000E+00
 5433.00    0.000E+00
 5434.00    0.000E+00
 5435.00    0.000E+00
 5436.00    0.000E+00
 5437.00    0.000E+00
 5438.00    0.000E+00
 5439.00    0.000E+00
 5440.00    0.000E+00
 5441.00    0.000E+00
 5442.00    0.000E+00
 5443.00    0.000E+00
 5444.00    0.000E+00
 5445.00    0.000E+00
 5446.00    0.000E+00
 5447.00    0.000E+00
 5448.00    0.000E+00
 5449.00    0.000E+00
 5450.00    0.000E+00
 5451.00    0.000E+00
 5452.00    0.000E+00
 5453.00    0.000E+00
 5454.00    0.000E+00
 5455.00    0.000E+00
 5456.00    0.000E+00
 5457.00    0.000E+00
 5458.00    0.000E+00
 5459.00    0.000E+00
 5460.00    0.000E+00
 5461.00    0.000E+00
 5462.00    0.000E+00
 5463.00    0.000E+00
 5464.00    0.000E+00
 5465.00    0.000E+00
 5466.00    0.000E+00
 5467.00    0.000E+00
 5468.00    0.000E+00
 5469.00    0.000E+00
 5470.00    0.000E+00
 5471.00    0.000E+00
 5472.00    0.000E+00
 5473.00    0.000E+00
 5474.00    0.000E+00
 5475.00    0.000E+00
 5476.00    0.000E+00
 5477.00    0.000E+00
 5478.00    0.000E+00
 5479.00    0.000E+00
 5480.00    0.000E+00
 5481.00    0.000E+00
 5482.00    0.000E+00
 5483.00    0.000E+00
 5484.00    0.000E+00
 5485.00    0.000E+00
 5486.00    0.000E+00
 5487.00    0.000E+00
 5488.00    0.000E+00
 5489.00    0.000E+00
 5490.00    0.000E+00
 5491.00    0.000E+00
 5492.00    0.000E+00
 5493.00    0.000E+00
 5494.00    0.000E+00
 5495.00    0.000E+00
 5496.00    0.000E+00
 5497.00    0.000E+00
 5498.00    0.000E+00
 5499.00    0.000E+00
 5500.00    0.000E+00
 5501.00    0.000E+00
 5502.00    0.000E+00
 5503.00    0.000E+00
 5504.00    0.000E+00
 5505.00    0.000E+00
 5506.00    0.000E+00
 5507.00    0.000E+00
 5508.00    0.000E+00
 5509.00    0.000E+00
 5510.00    0.000E+00
 5511.00    0.000E+00
 5512.00    0.000E+00
 5513.00    0.000E+00
 5514.00    0.000E+00
 5515.00    0.000E+00
 5516.00    0.000E+00
 5517.00    0.000E+00
 5518.00    0.000E+00
 5519.00    0.000E+00
 5520.00    0.000E+00
 5521.00    0.000E+00
 5522.00    0.000E+00
 5523.00    0.000E+00
 5524.00    0.000E+00
 5525.00    0.000E+00
 5526.00    0.000E+00
 5527.00    0.000E+00
 5528.00    0.000E+00
 5529.00    0.000E+00
 5530.00    0.000E+00
 5531.00    0.000E+00
 5532.00    0.000E+00
 5533.00    0.000E+00
 5534.00    0.000E+00
 5535.00    0.000E+00
 5536.00    0.000E+00
 5537.00    0.000E+00
 5538.00    0.000E+00
 5539.00    0.000E+00
 5540.00    0.000E+00
 5541.00    0.000E+00
 5542.00    0.000E+00
 5543.00    0.000E+00
 5544.00    0.000E+00
 5545.00    0.000E+00
 5546.00    0.000E+00
 5547.00    0.000E+00
 5548.00    0.000E+00
 5549.00    0.000E+00
 5550.00    0.000E+00
 5551.00    0.000E+00
 5552.00    0.000E+00
 5553.00    0.000E+00
 5554.00    0.000E+00
 5555.00    0.000E+00
 5556.00    0.000E+00
 5557.00    0.000E+00
 5558.00    0.000E+00
 5559.00    0.000E+00
 5560.00    0.000E+00
 5561.00    0.000E+00
 5562.00    0.000E+00
 5563.00    0.000E+00
 5564.00    0.000E+00
 5565.00    0.000E+00
 5566.00    0.000E+00
 5567.00    0.000E+00
 5568.00    0.000E+00
 5569.00    0.000E+00
 5570.00    0.000E+00
 5571.00    0.000E+00
 5572.00    0.000E+00
 5573.00    0.000E+00
 5574.00    0.000E+00
 5575.00    0.000E+00
 5576.00    0.000E+00
 5577.00    0.000E+00
 5578.00    0.000E+00
 5579.00    0.000E+00
 5580.00    0.000E+00
 5581.00    0.000E+00
 5582.00    0.000E+00
 5583.00    0.000E+00
 5584.00    0.000E+00
 5585.00    0.000E+00
 5586.00    0.000E+00
 5587.00    0.000E+00
 5588.00    0.000E+00
 5589.00    0.000E+00
 5590.00    0.000E+00
 5591.00    0.000E+00
 5592.00    0.000E+00
 5593.00    0.000E+00
 5594.00    0.000E+00
 5595.00    0.000E+00
 5596.00    0.000E+00
 5597.00    0.000E+00
 5598.00    0.000E+00
 5599.00    0.000E+00
 5600.00    0.000E+00
 5601.00    0.000E+00
 5602.00    0.000E+00
 5603.00    0.000E+00
 5604.00    0.000E+00
 5605.00    0.000E+00
 5606.00    0.000E+00
 5607.00    0.000E+00
 5608.00    0.000E+00
 5609.00    0.000E+00
 5610.00    0.000E+00
 5611.00    0.000E+00
 5612.00    0.000E+00
 5613.00    0.000E+00
 5614.00    0.000E+00
 5615.00    0.000E+00
 5616.00    0.000E+00
 5617.00    0.000E+00
 5618.00    0.000E+00
 5619.00    0.000E+00
 5620.00    0.000E+00
 5621.00    0.000E+00
 5622.00    0.000E+00
 5623.00    0.000E+00
 5624.00    0.000E+00
 5625.00    0.000E+00
 5626.00    0.000E+00
 5627.00    0.000E+00
 5628.00    0.000E+00
 5629.00    0.000E+00
 5630.00    0.000E+00
 5631.00    0.000E+00
 5632.00    0.000E+00
 5633.00    0.000E+00
 5634.00    0.000E+00
 5635.00    0.000E+00
 5636.00    0.000E+00
 5637.00    0.000E+00
 5638.00    0.000E+00
 5639.00    0.000E+00
 5640.00    0.000E+00
 5641.00    0.000E+00
 5642.00    0.000E+00
 5643.00    0.000E+00
 5644.00    0.000E+00
 5645.00    0.000E+00
 5646.00    0.000E+00
 5647.00    0.000E+00
 5648.00    0.000E+00
 5649.00    0.000E+00
 5650.00    0.000E+00
 5651.00    0.000E+00
 5652.00    0.000E+00
 5653.00    0.000E+00
 5654.00    0.000E+00
 5655.00    0.000E+00
 5656.00    0.000E+00
 5657.00    0.000E+00
 5658.00    0.000E+00
 5659.00    0.000E+00
 5660.00    0.000E+00
 5661.00    0.000E+00
 5662.00    0.000E+00
 5663.00    0.000E+00
 5664.00    0.000E+00
 5665.00    0.000E+00
 5666.00    0.000E+00
 5667.00    0.000E+00
 5668.00    0.000E+00
 5669.00    0.000E+00
 5670.00    0.000E+00
 5671.00    0.000E+00
 5672.00    0.000E+00
 5673.00    0.000E+00
 5674.00    0.000E+00
 5675.00    0.000E+00
 5676.00    0.000E+00
 5677.00    0.000E+00
 5678.00    0.000E+00
 5679.00    0.000E+00
 5680.00    0.000E+00
 5681.00    0.000E+00
 5682.00    0.000E+00
 5683.00    0.000E+00
 5684.00    0.000E+00
 5685.00    0.000E+00
 5686.00    0.000E+00
 5687.00    0.000E+00
 5688.00    0.000E+00
 5689.00    0.000E+00
 5690.00    0.000E+00
 5691.00    0.000E+00
 5692.00    0.000E+00
 5693.00    0.000E+00
 5694.00    0.000E+00
 5695.00    0.000E+00
 5696.00    0.000E+00
 5697.00    0.000E+00
 5698.00    0.000E+00
 5699.00    0.000E+00
 5700.00    0.000E+00
 5701.00    0.000E+00
 5702.00    0.000E+00
 5703.00    0.000E+00
 5704.00    0.000E+00
 5705.00    0.000E+00
 5706.00    0.000E+00
 5707.00    0.000E+00
 5708.00    0.000E+00
 5709.00    0.000E+00
 5710.00    0.000E+00
 5711.00    0.000E+00
 5712.00    0.000E+00
 5713.00    0.000E+00
 5714.00    0.000E+00
 5715.00    0.000E+00
 5716.00    0.000E+00
 5717.00    0.000E+00
 5718.00    0.000E+00
 5719.00    0.000E+00
 5720.00    0.000E+00
 5721.00    0.000E+00
 5722.00    0.000E+00
 5723.00    0.000E+00
 5724.00    0.000E+00
 5725.00    0.000E+00
 5726.00    0.000E+00
 5727.00    0.000E+00
 5728.00    0.000E+00
 5729.00    0.000E+00
 5730.00    0.000E+00
 5731.00    0.000E+00
 5732.00    0.000E+00
 5733.00    0.000E+00
 5734.00    0.000E+00
 5735.00    0.000E+00
 5736.00    0.000E+00
 5737.00    0.000E+00
 5738.00    0.000E+00
 5739.00    0.000E+00
 5740.00    0.000E+00
 5741.00    0.000E+00
 5742.00    0.000E+00
 5743.00    0.000E+00
 5744.00    0.000E+00
 5745.00    0.000E+00
 5746.00    0.000E+00
 5747.00    0.000E+00
 5748.00    0.000E+00
 5749.00    0.000E+00
 5750.00    0.000E+00
 5751.00    0.000E+00
 5752.00    0.000E+00
 5753.00    0.000E+00
 5754.00    0.000E+00
 5755.00    0.000E+00
 5756.00    0.000E+00
 5757.00    0.000E+00
 5758.00    0.000E+00
 5759.00    0.000E+00
 5760.00    0.000E+00
 5761.00    0.000E+00
 5762.00    0.000E+00
 5763.00    0.000E+00
 5764.00    0.000E+00
 5765.00    0.000E+00
 5766.00    0.000E+00
 5767.00    0.000E+00
 5768.00    0.000E+00
 5769.00    0.000E+00
 5770.00    0.000E+00
 5771.00    0.000E+00
 5772.00    0.000E+00
 5773.00    0.000E+00
 5774.00    0.000E+00
 5775.00    0.000E+00
 5776.00    0.000E+00
 5777.00    0.000E+00
 5778.00    0.000E+00
 5779.00    0.000E+00
 5780.00    0.000E+00
 5781.00    0.000E+00
 5782.00    0.000E+00
 5783.00    0.000E+00
 5784.00    0.000E+00
 5785.00    0.000E+00
 5786.00    0.000E+00
 5787.00    0.000E+00
 5788.00    0.000E+00
 5789.00    0.000E+00
 5790.00    0.000E+00
 5791.00    0.000E+00
 5792.00    0.000E+00
 5793.00    0.000E+00
 5794.00    0.000E+00
 5795.00    0.000E+00
 5796.00    0.000E+00
 5797.00    0.000E+00
 5798.00    0.000E+00
 5799.00    0.000E+00
 5800.00    0.000E+00
 5801.00    0.000E+00
 5802.00    0.000E+00
 5803.00    0.000E+00
 5804.00    0.000E+00
 5805.00    0.000E+00
 5806.00    0.000E+00
 5807.00    0.000E+00
 5808.00    0.000E+00
 5809.00    0.000E+00
 5810.00    0.000E+00
 5811.00    0.000E+00
 5812.00    0.000E+00
 5813.00    0.000E+00
 5814.00    0.000E+00
 5815.00    0.000E+00
 5816.00    0.000E+00
 5817.00    0.000E+00
 5818.00    0.000E+00
 5819.00    0.000E+00
 5820.00    0.000E+00
 5821.00    0.000E+00
 5822.00    0.000E+00
 5823.00    0.000E+00
 5824.00    0.000E+00
 5825.00    0.000E+00
 5826.00    0.000E+00
 5827.00    0.000E+00
 5828.00    0.000E+00
 5829.00    0.000E+00
 5830.00    0.000E+00
 5831.00    0.000E+00
 5832.00    0.000E+00
 5833.00    0.000E+00
 5834.00    0.000E+00
 5835.00    0.000E+00
 5836.00    0.000E+00
 5837.00    0.000E+00
 5838.00    0.000E+00
 5839.00    0.000E+00
 5840.00    0.000E+00
 5841.00    0.000E+00
 5842.00    0.000E+00
 5843.00    0.000E+00
 5844.00    0.000E+00
 5845.00    0.000E+00
 5846.00    0.000E+00
 5847.00    0.000E+00
 5848.00    0.000E+00
 5849.00    0.000E+00
 5850.00    0.000E+00
 5851.00    0.000E+00
 5852.00    0.000E+00
 5853.00    0.000E+00
 5854.00    0.000E+00
 5855.00    0.000E+00
 5856.00    0.000E+00
 5857.00    0.000E+00
 5858.00    0.000E+00
 5859.00    0.000E+00
 5860.00    0.000E+00
 5861.00    0.000E+00
 5862.00    0.000E+00
 5863.00    0.000E+00
 5864.00    0.000E+00
 5865.00    0.000E+00
 5866.00    0.000E+00
 5867.00    0.000E+00
 5868.00    0.000E+00
 5869.00    0.000E+00
 5870.00    0.000E+00
 5871.00    0.000E+00
 5872.00    0.000E+00
 5873.00    0.000E+00
 5874.00    0.000E+00
 5875.00    0.000E+00
 5876.00    0.000E+00
 5877.00    0.000E+00
 5878.00    0.000E+00
 5879.00    0.000E+00
 5880.00    0.000E+00
 5881.00    0.000E+00
 5882.00    0.000E+00
 5883.00    0.000E+00
 5884.00    0.000E+00
 5885.00    0.000E+00
 5886.00    0.000E+00
 5887.00    0.000E+00
 5888.00    0.000E+00
 5889.00    0.000E+00
 5890.00    0.000E+00
 5891.00    0.000E+00
 5892.00    0.000E+00
 5893.00    0.000E+00
 5894.00    0.000E+00
 5895.00    0.000E+00
 5896.00    0.000E+00
 5897.00    0.000E+00
 5898.00    0.000E+00
 5899.00    0.000E+00
 5900.00    0.000E+00
 5901.00    0.000E+00
 5902.00    0.000E+00
 5903.00    0.000E+00
 5904.00    0.000E+00
 5905.00    0.000E+00
 5906.00    0.000E+00
 5907.00    0.000E+00
 5908.00    0.000E+00
 5909.00    0.000E+00
 5910.00    0.000E+00
 5911.00    0.000E+00
 5912.00    0.000E+00
 5913.00    0.000E+00
 5914.00    0.000E+00
 5915.00    0.000E+00
 5916.00    0.000E+00
 5917.00    0.000E+00
 5918.00    0.000E+00
 5919.00    0.000E+00
 5920.00    0.000E+00
 5921.00    0.000E+00
 5922.00    0.000E+00
 5923.00    0.000E+00
 5924.00    0.000E+00
 5925.00    0.000E+00
 5926.00    0.000E+00
 5927.00    0.000E+00
 5928.00    0.000E+00
 5929.00    0.000E+00
 5930.00    0.000E+00
 5931.00    0.000E+00
 5932.00    0.000E+00
 5933.00    0.000E+00
 5934.00    0.000E+00
 5935.00    0.000E+00
 5936.00    0.000E+00
 5937.00    0.000E+00
 5938.00    0.000E+00
 5939.00    0.000E+00
 5940.00    0.000E+00
 5941.00    0.000E+00
 5942.00    0.000E+00
 5943.00    0.000E+00
 5944.00    0.000E+00
 5945.00    0.000E+00
 5946.00    0.000E+00
 5947.00    0.000E+00
 5948.00    0.000E+00
 5949.00    0.000E+00
 5950.00    0.000E+00
 5951.00    0.000E+00
 5952.00    0.000E+00
 5953.00    0.000E+00
 5954.00    0.000E+00
 5955.00    0.000E+00
 5956.00    0.000E+00
 5957.00    0.000E+00
 5958.00    0.000E+00
 5959.00    0.000E+00
 5960.00    0.000E+00
 5961.00    0.000E+00
 5962.00    0.000E+00
 5963.00    0.000E+00
 5964.00    0.000E+00
 5965.00    0.000E+00
 5966.00    0.000E+00
 5967.00    0.000E+00
 5968.00    0.000E+00
 5969.00    0.000E+00
 5970.00    0.000E+00
 5971.00    0.000E+00
 5972.00    0.000E+00
 5973.00    0.000E+00
 5974.00    0.000E+00
 5975.00    0.000E+00
 5976.00    0.000E+00
 5977.00    0.000E+00
 5978.00    0.000E+00
 5979.00    0.000E+00
 5980.00    0.000E+00
 5981.00    0.000E+00
 5982.00    0.000E+00
 5983.00    0.000E+00
 5984.00    0.000E+00
 5985.00    0.000E+00
 5986.00    0.000E+00
 5987.00    0.000E+00
 5988.00    0.000E+00
 5989.00    0.000E+00
 5990.00    0.000E+00
 5991.00    0.000E+00
 5992.00    0.000E+00
 5993.00    0.000E+00
 5994.00    0.000E+00
 5995.00    0.000E+00
 5996.00    0.000E+00
 5997.00    0.000E+00
 5998.00    0.000E+00
 5999.00    0.000E+00
 6000.00    0.000E+00
 6001.00    0.000E+00
 6002.00    0.000E+00
 6003.00    0.000E+00
 6004.00    0.000E+00
 6005.00    0.000E+00
 6006.00    0.000E+00
 6007.00    0.000E+00
 6008.00    0.000E+00
 6009.00    0.000E+00
 6010.00    0.000E+00
 6011.00    0.000E+00
 6012.00    0.000E+00
 6013.00    0.000E+00
 6014.00    0.000E+00
 6015.00    0.000E+00
 6016.00    0.000E+00
 6017.00    0.000E+00
 6018.00    0.000E+00
 6019.00    0.000E+00
 6020.00    0.000E+00
 6021.00    0.000E+00
 6022.00    0.000E+00
 6023.00    0.000E+00
 6024.00    0.000E+00
 6025.00    0.000E+00
 6026.00    0.000E+00
 6027.00    0.000E+00
 6028.00    0.000E+00
 6029.00    0.000E+00
 6030.00    0.000E+00
 6031.00    0.000E+00
 6032.00    0.000E+00
 6033.00    0.000E+00
 6034.00    0.000E+00
 6035.00    0.000E+00
 6036.00    0.000E+00
 6037.00    0.000E+00
 6038.00    0.000E+00
 6039.00    0.000E+00
 6040.00    0.000E+00
 6041.00    0.000E+00
 6042.00    0.000E+00
 6043.00    0.000E+00
 6044.00    0.000E+00
 6045.00    0.000E+00
 6046.00    0.000E+00
 6047.00    0.000E+00
 6048.00    0.000E+00
 6049.00    0.000E+00
 6050.00    0.000E+00
 6051.00    0.000E+00
 6052.00    0.000E+00
 6053.00    0.000E+00
 6054.00    0.000E+00
 6055.00    0.000E+00
 6056.00    0.000E+00
 6057.00    0.000E+00
 6058.00    0.000E+00
 6059.00    0.000E+00
 6060.00    0.000E+00
 6061.00    0.000E+00
 6062.00    0.000E+00
 6063.00    0.000E+00
 6064.00    0.000E+00
 6065.00    0.000E+00
 6066.00    0.000E+00
 6067.00    0.000E+00
 6068.00    0.000E+00
 6069.00    0.000E+00
 6070.00    0.000E+00
 6071.00    0.000E+00
 6072.00    0.000E+00
 6073.00    0.000E+00
 6074.00    0.000E+00
 6075.00    0.000E+00
 6076.00    0.000E+00
 6077.00    0.000E+00
 6078.00    0.000E+00
 6079.00    0.000E+00
 6080.00    0.000E+00
 6081.00    0.000E+00
 6082.00    0.000E+00
 6083.00    0.000E+00
 6084.00    0.000E+00
 6085.00    0.000E+00
 6086.00    0.000E+00
 6087.00    0.000E+00
 6088.00    0.000E+00
 6089.00    0.000E+00
 6090.00    0.000E+00
 6091.00    0.000E+00
 6092.00    0.000E+00
 6093.00    0.000E+00
 6094.00    0.000E+00
 6095.00    0.000E+00
 6096.00    0.000E+00
 6097.00    0.000E+00
 6098.00    0.000E+00
 6099.00    0.000E+00
 6100.00    0.000E+00
 6101.00    0.000E+00
 6102.00    0.000E+00
 6103.00    0.000E+00
 6104.00    0.000E+00
 6105.00    0.000E+00
 6106.00    0.000E+00
 6107.00    0.000E+00
 6108.00    0.000E+00
 6109.00    0.000E+00
 6110.00    0.000E+00
 6111.00    0.000E+00
 6112.00    0.000E+00
 6113.00    0.000E+00
 6114.00    0.000E+00
 6115.00    0.000E+00
 6116.00    0.000E+00
 6117.00    0.000E+00
 6118.00    0.000E+00
 6119.00    0.000E+00
 6120.00    0.000E+00
 6121.00    0.000E+00
 6122.00    0.000E+00
 6123.00    0.000E+00
 6124.00    0.000E+00
 6125.00    0.000E+00
 6126.00    0.000E+00
 6127.00    0.000E+00
 6128.00    0.000E+00
 6129.00    0.000E+00
 6130.00    0.000E+00
 6131.00    0.000E+00
 6132.00    0.000E+00
 6133.00    0.000E+00
 6134.00    0.000E+00
 6135.00    0.000E+00
 6136.00    0.000E+00
 6137.00    0.000E+00
 6138.00    0.000E+00
 6139.00    0.000E+00
 6140.00    0.000E+00
 6141.00    0.000E+00
 6142.00    0.000E+00
 6143.00    0.000E+00
 6144.00    0.000E+00
 6145.00    0.000E+00
 6146.00    0.000E+00
 6147.00    0.000E+00
 6148.00    0.000E+00
 6149.00    0.000E+00
 6150.00    0.000E+00
 6151.00    0.000E+00
 6152.00    0.000E+00
 6153.00    0.000E+00
 6154.00    0.000E+00
 6155.00    0.000E+00
 6156.00    0.000E+00
 6157.00    0.000E+00
 6158.00    0.000E+00
 6159.00    0.000E+00
 6160.00    0.000E+00
 6161.00    0.000E+00
 6162.00    0.000E+00
 6163.00    0.000E+00
 6164.00    0.000E+00
 6165.00    0.000E+00
 6166.00    0.000E+00
 6167.00    0.000E+00
 6168.00    0.000E+00
 6169.00    0.000E+00
 6170.00    0.000E+00
 6171.00    0.000E+00
 6172.00    0.000E+00
 6173.00    0.000E+00
 6174.00    0.000E+00
 6175.00    0.000E+00
 6176.00    0.000E+00
 6177.00    0.000E+00
 6178.00    0.000E+00
 6179.00    0.000E+00
 6180.00    0.000E+00
 6181.00    0.000E+00
 6182.00    0.000E+00
 6183.00    0.000E+00
 6184.00    0.000E+00
 6185.00    0.000E+00
 6186.00    0.000E+00
 6187.00    0.000E+00
 6188.00    0.000E+00
 6189.00    0.000E+00
 6190.00    0.000E+00
 6191.00    0.000E+00
 6192.00    0.000E+00
 6193.00    0.000E+00
 6194.00    0.000E+00
 6195.00    0.000E+00
 6196.00    0.000E+00
 6197.00    0.000E+00
 6198.00    0.000E+00
 6199.00    0.000E+00
 6200.00    0.000E+00
 6201.00    0.000E+00
 6202.00    0.000E+00
 6203.00    0.000E+00
 6204.00    0.000E+00
 6205.00    0.000E+00
 6206.00    0.000E+00
 6207.00    0.000E+00
 6208.00    0.000E+00
 6209.00    0.000E+00
 6210.00    0.000E+00
 6211.00    0.000E+00
 6212.00    0.000E+00
 6213.00    0.000E+00
 6214.00    0.000E+00
 6215.00    0.000E+00
 6216.00    0.000E+00
 6217.00    0.000E+00
 6218.00    0.000E+00
 6219.00    0.000E+00
 6220.00    0.000E+00
 6221.00    0.000E+00
 6222.00    0.000E+00
 6223.00    0.000E+00
 6224.00    0.000E+00
 6225.00    0.000E+00
 6226.00    0.000E+00
 6227.00    0.000E+00
 6228.00    0.000E+00
 6229.00    0.000E+00
 6230.00    0.000E+00
 6231.00    0.000E+00
 6232.00    0.000E+00
 6233.00    0.000E+00
 6234.00    0.000E+00
 6235.00    0.000E+00
 6236.00    0.000E+00
 6237.00    0.000E+00
 6238.00    0.000E+00
 6239.00    0.000E+00
 6240.00    0.000E+00
 6241.00    0.000E+00
 6242.00    0.000E+00
 6243.00    0.000E+00
 6244.00    0.000E+00
 6245.00    0.000E+00
 6246.00    0.000E+00
 6247.00    0.000E+00
 6248.00    0.000E+00
 6249.00    0.000E+00
 6250.00    0.000E+00
 6251.00    0.000E+00
 6252.00    0.000E+00
 6253.00    0.000E+00
 6254.00    0.000E+00
 6255.00    0.000E+00
 6256.00    0.000E+00
 6257.00    0.000E+00
 6258.00    0.000E+00
 6259.00    0.000E+00
 6260.00    0.000E+00
 6261.00    0.000E+00
 6262.00    0.000E+00
 6263.00    0.000E+00
 6264.00    0.000E+00
 6265.00    0.000E+00
 6266.00    0.000E+00
 6267.00    0.000E+00
 6268.00    0.000E+00
 6269.00    0.000E+00
 6270.00    0.000E+00
 6271.00    0.000E+00
 6272.00    0.000E+00
 6273.00    0.000E+00
 6274.00    0.000E+00
 6275.00    0.000E+00
 6276.00    0.000E+00
 6277.00    0.000E+00
 6278.00    0.000E+00
 6279.00    0.000E+00
 6280.00    0.000E+00
 6281.00    0.000E+00
 6282.00    0.000E+00
 6283.00    0.000E+00
 6284.00    0.000E+00
 6285.00    0.000E+00
 6286.00    0.000E+00
 6287.00    0.000E+00
 6288.00    0.000E+00
 6289.00    0.000E+00
 6290.00    0.000E+00
 6291.00    0.000E+00
 6292.00    0.000E+00
 6293.00    0.000E+00
 6294.00    0.000E+00
 6295.00    0.000E+00
 6296.00    0.000E+00
 6297.00    0.000E+00
 6298.00    0.000E+00
 6299.00    0.000E+00
 6300.00    0.000E+00
 6301.00    0.000E+00
 6302.00    0.000E+00
 6303.00    0.000E+00
 6304.00    0.000E+00
 6305.00    0.000E+00
 6306.00    0.000E+00
 6307.00    0.000E+00
 6308.00    0.000E+00
 6309.00    0.000E+00
 6310.00    0.000E+00
 6311.00    0.000E+00
 6312.00    0.000E+00
 6313.00    0.000E+00
 6314.00    0.000E+00
 6315.00    0.000E+00
 6316.00    0.000E+00
 6317.00    0.000E+00
 6318.00    0.000E+00
 6319.00    0.000E+00
 6320.00    0.000E+00
 6321.00    0.000E+00
 6322.00    0.000E+00
 6323.00    0.000E+00
 6324.00    0.000E+00
 6325.00    0.000E+00
 6326.00    0.000E+00
 6327.00    0.000E+00
 6328.00    0.000E+00
 6329.00    0.000E+00
 6330.00    0.000E+00
 6331.00    0.000E+00
 6332.00    0.000E+00
 6333.00    0.000E+00
 6334.00    0.000E+00
 6335.00    0.000E+00
 6336.00    0.000E+00
 6337.00    0.000E+00
 6338.00    0.000E+00
 6339.00    0.000E+00
 6340.00    0.000E+00
 6341.00    0.000E+00
 6342.00    0.000E+00
 6343.00    0.000E+00
 6344.00    0.000E+00
 6345.00    0.000E+00
 6346.00    0.000E+00
 6347.00    0.000E+00
 6348.00    0.000E+00
 6349.00    0.000E+00
 6350.00    0.000E+00
 6351.00    0.000E+00
 6352.00    0.000E+00
 6353.00    0.000E+00
 6354.00    0.000E+00
 6355.00    0.000E+00
 6356.00    0.000E+00
 6357.00    0.000E+00
 6358.00    0.000E+00
 6359.00    0.000E+00
 6360.00    0.000E+00
 6361.00    0.000E+00
 6362.00    0.000E+00
 6363.00    0.000E+00
 6364.00    0.000E+00
 6365.00    0.000E+00
 6366.00    0.000E+00
 6367.00    0.000E+00
 6368.00    0.000E+00
 6369.00    0.000E+00
 6370.00    0.000E+00
 6371.00    0.000E+00
 6372.00    0.000E+00
 6373.00    0.000E+00
 6374.00    0.000E+00
 6375.00    0.000E+00
 6376.00    0.000E+00
 6377.00    0.000E+00
 6378.00    0.000E+00
 6379.00    0.000E+00
 6380.00    0.000E+00
 6381.00    0.000E+00
 6382.00    0.000E+00
 6383.00    0.000E+00
 6384.00    0.000E+00
 6385.00    0.000E+00
 6386.00    0.000E+00
 6387.00    0.000E+00
 6388.00    0.000E+00
 6389.00    0.000E+00
 6390.00    0.000E+00
 6391.00    0.000E+00
 6392.00    0.000E+00
 6393.00    0.000E+00
 6394.00    0.000E+00
 6395.00    0.000E+00
 6396.00    0.000E+00
 6397.00    0.000E+00
 6398.00    0.000E+00
 6399.00    0.000E+00
 6400.00    0.000E+00
 6401.00    0.000E+00
 6402.00    0.000E+00
 6403.00    0.000E+00
 6404.00    0.000E+00
 6405.00    0.000E+00
 6406.00    0.000E+00
 6407.00    0.000E+00
 6408.00    0.000E+00
 6409.00    0.000E+00
 6410.00    0.000E+00
 6411.00    0.000E+00
 6412.00    0.000E+00
 6413.00    0.000E+00
 6414.00    0.000E+00
 6415.00    0.000E+00
 6416.00    0.000E+00
 6417.00    0.000E+00
 6418.00    0.000E+00
 6419.00    0.000E+00
 6420.00    0.000E+00
 6421.00    0.000E+00
 6422.00    0.000E+00
 6423.00    0.000E+00
 6424.00    0.000E+00
 6425.00    0.000E+00
 6426.00    0.000E+00
 6427.00    0.000E+00
 6428.00    0.000E+00
 6429.00    0.000E+00
 6430.00    0.000E+00
 6431.00    0.000E+00
 6432.00    0.000E+00
 6433.00    0.000E+00
 6434.00    0.000E+00
 6435.00    0.000E+00
 6436.00    0.000E+00
 6437.00    0.000E+00
 6438.00    0.000E+00
 6439.00    0.000E+00
 6440.00    0.000E+00
 6441.00    0.000E+00
 6442.00    0.000E+00
 6443.00    0.000E+00
 6444.00    0.000E+00
 6445.00    0.000E+00
 6446.00    0.000E+00
 6447.00    0.000E+00
 6448.00    0.000E+00
 6449.00    0.000E+00
 6450.00    0.000E+00
 6451.00    0.000E+00
 6452.00    0.000E+00
 6453.00    0.000E+00
 6454.00    0.000E+00
 6455.00    0.000E+00
 6456.00    0.000E+00
 6457.00    0.000E+00
 6458.00    0.000E+00
 6459.00    0.000E+00
 6460.00    0.000E+00
 6461.00    0.000E+00
 6462.00    0.000E+00
 6463.00    0.000E+00
 6464.00    0.000E+00
 6465.00    0.000E+00
 6466.00    0.000E+00
 6467.00    0.000E+00
 6468.00    0.000E+00
 6469.00    0.000E+00
 6470.00    0.000E+00
 6471.00    0.000E+00
 6472.00    0.000E+00
 6473.00    0.000E+00
 6474.00    0.000E+00
 6475.00    0.000E+00
 6476.00    0.000E+00
 6477.00    0.000E+00
 6478.00    0.000E+00
 6479.00    0.000E+00
 6480.00    0.000E+00
 6481.00    0.000E+00
 6482.00    0.000E+00
 6483.00    0.000E+00
 6484.00    0.000E+00
 6485.00    0.000E+00
 6486.00    0.000E+00
 6487.00    0.000E+00
 6488.00    0.000E+00
 6489.00    0.000E+00
 6490.00    0.000E+00
 6491.00    0.000E+00
 6492.00    0.000E+00
 6493.00    0.000E+00
 6494.00    0.000E+00
 6495.00    0.000E+00
 6496.00    0.000E+00
 6497.00    0.000E+00
 6498.00    0.000E+00
 6499.00    0.000E+00
 6500.00    0.000E+00
 6501.00    0.000E+00
 6502.00    0.000E+00
 6503.00    0.000E+00
 6504.00    0.000E+00
 6505.00    0.000E+00
 6506.00    0.000E+00
 6507.00    0.000E+00
 6508.00    0.000E+00
 6509.00    0.000E+00
 6510.00    0.000E+00
 6511.00    0.000E+00
 6512.00    0.000E+00
 6513.00    0.000E+00
 6514.00    0.000E+00
 6515.00    0.000E+00
 6516.00    0.000E+00
 6517.00    0.000E+00
 6518.00    0.000E+00
 6519.00    0.000E+00
 6520.00    0.000E+00
 6521.00    0.000E+00
 6522.00    0.000E+00
 6523.00    0.000E+00
 6524.00    0.000E+00
 6525.00    0.000E+00
 6526.00    0.000E+00
 6527.00    0.000E+00
 6528.00    0.000E+00
 6529.00    0.000E+00
 6530.00    0.000E+00
 6531.00    0.000E+00
 6532.00    0.000E+00
 6533.00    0.000E+00
 6534.00    0.000E+00
 6535.00    0.000E+00
 6536.00    0.000E+00
 6537.00    0.000E+00
 6538.00    0.000E+00
 6539.00    0.000E+00
 6540.00    0.000E+00
 6541.00    0.000E+00
 6542.00    0.000E+00
 6543.00    0.000E+00
 6544.00    0.000E+00
 6545.00    0.000E+00
 6546.00    0.000E+00
 6547.00    0.000E+00
 6548.00    0.000E+00
 6549.00    0.000E+00
 6550.00    0.000E+00
 6551.00    0.000E+00
 6552.00    0.000E+00
 6553.00    0.000E+00
 6554.00    0.000E+00
 6555.00    0.000E+00
 6556.00    0.000E+00
 6557.00    0.000E+00
 6558.00    0.000E+00
 6559.00    0.000E+00
 6560.00    0.000E+00
 6561.00    0.000E+00
 6562.00    0.000E+00
 6563.00    0.000E+00
 6564.00    0.000E+00
 6565.00    0.000E+00
 6566.00    0.000E+00
 6567.00    0.000E+00
 6568.00    0.000E+00
 6569.00    0.000E+00
 6570.00    0.000E+00
 6571.00    0.000E+00
 6572.00    0.000E+00
 6573.00    0.000E+00
 6574.00    0.000E+00
 6575.00    0.000E+00
 6576.00    0.000E+00
 6577.00    0.000E+00
 6578.00    0.000E+00
 6579.00    0.000E+00
 6580.00    0.000E+00
 6581.00    0.000E+00
 6582.00    0.000E+00
 6583.00    0.000E+00
 6584.00    0.000E+00
 6585.00    0.000E+00
 6586.00    0.000E+00
 6587.00    0.000E+00
 6588.00    0.000E+00
 6589.00    0.000E+00
 6590.00    0.000E+00
 6591.00    0.000E+00
 6592.00    0.000E+00
 6593.00    0.000E+00
 6594.00    0.000E+00
 6595.00    0.000E+00
 6596.00    0.000E+00
 6597.00    0.000E+00
 6598.00    0.000E+00
 6599.00    0.000E+00
 6600.00    0.000E+00
 6601.00    0.000E+00
 6602.00    0.000E+00
 6603.00    0.000E+00
 6604.00    0.000E+00
 6605.00    0.000E+00
 6606.00    0.000E+00
 6607.00    0.000E+00
 6608.00    0.000E+00
 6609.00    0.000E+00
 6610.00    0.000E+00
 6611.00    0.000E+00
 6612.00    0.000E+00
 6613.00    0.000E+00
 6614.00    0.000E+00
 6615.00    0.000E+00
 6616.00    0.000E+00
 6617.00    0.000E+00
 6618.00    0.000E+00
 6619.00    0.000E+00
 6620.00    0.000E+00
 6621.00    0.000E+00
 6622.00    0.000E+00
 6623.00    0.000E+00
 6624.00    0.000E+00
 6625.00    0.000E+00
 6626.00    0.000E+00
 6627.00    0.000E+00
 6628.00    0.000E+00
 6629.00    0.000E+00
 6630.00    0.000E+00
 6631.00    0.000E+00
 6632.00    0.000E+00
 6633.00    0.000E+00
 6634.00    0.000E+00
 6635.00    0.000E+00
 6636.00    0.000E+00
 6637.00    0.000E+00
 6638.00    0.000E+00
 6639.00    0.000E+00
 6640.00    0.000E+00
 6641.00    0.000E+00
 6642.00    0.000E+00
 6643.00    0.000E+00
 6644.00    0.000E+00
 6645.00    0.000E+00
 6646.00    0.000E+00
 6647.00    0.000E+00
 6648.00    0.000E+00
 6649.00    0.000E+00
 6650.00    0.000E+00
 6651.00    0.000E+00
 6652.00    0.000E+00
 6653.00    0.000E+00
 6654.00    0.000E+00
 6655.00    0.000E+00
 6656.00    0.000E+00
 6657.00    0.000E+00
 6658.00    0.000E+00
 6659.00    0.000E+00
 6660.00    0.000E+00
 6661.00    0.000E+00
 6662.00    0.000E+00
 6663.00    0.000E+00
 6664.00    0.000E+00
 6665.00    0.000E+00
 6666.00    0.000E+00
 6667.00    0.000E+00
 6668.00    0.000E+00
 6669.00    0.000E+00
 6670.00    0.000E+00
 6671.00    0.000E+00
 6672.00    0.000E+00
 6673.00    0.000E+00
 6674.00    0.000E+00
 6675.00    0.000E+00
 6676.00    0.000E+00
 6677.00    0.000E+00
 6678.00    0.000E+00
 6679.00    0.000E+00
 6680.00    0.000E+00
 6681.00    0.000E+00
 6682.00    0.000E+00
 6683.00    0.000E+00
 6684.00    0.000E+00
 6685.00    0.000E+00
 6686.00    0.000E+00
 6687.00    0.000E+00
 6688.00    0.000E+00
 6689.00    0.000E+00
 6690.00    0.000E+00
 6691.00    0.000E+00
 6692.00    0.000E+00
 6693.00    0.000E+00
 6694.00    0.000E+00
 6695.00    0.000E+00
 6696.00    0.000E+00
 6697.00    0.000E+00
 6698.00    0.000E+00
 6699.00    0.000E+00
 6700.00    0.000E+00
 6701.00    0.000E+00
 6702.00    0.000E+00
 6703.00    0.000E+00
 6704.00    0.000E+00
 6705.00    0.000E+00
 6706.00    0.000E+00
 6707.00    0.000E+00
 6708.00    0.000E+00
 6709.00    0.000E+00
 6710.00    0.000E+00
 6711.00    0.000E+00
 6712.00    0.000E+00
 6713.00    0.000E+00
 6714.00    0.000E+00
 6715.00    0.000E+00
 6716.00    0.000E+00
 6717.00    0.000E+00
 6718.00    0.000E+00
 6719.00    0.000E+00
 6720.00    0.000E+00
 6721.00    0.000E+00
 6722.00    0.000E+00
 6723.00    0.000E+00
 6724.00    0.000E+00
 6725.00    0.000E+00
 6726.00    0.000E+00
 6727.00    0.000E+00
 6728.00    0.000E+00
 6729.00    0.000E+00
 6730.00    0.000E+00
 6731.00    0.000E+00
 6732.00    0.000E+00
 6733.00    0.000E+00
 6734.00    0.000E+00
 6735.00    0.000E+00
 6736.00    0.000E+00
 6737.00    0.000E+00
 6738.00    0.000E+00
 6739.00    0.000E+00
 6740.00    0.000E+00
 6741.00    0.000E+00
 6742.00    0.000E+00
 6743.00    0.000E+00
 6744.00    0.000E+00
 6745.00    0.000E+00
 6746.00    0.000E+00
 6747.00    0.000E+00
 6748.00    0.000E+00
 6749.00    0.000E+00
 6750.00    0.000E+00
 6751.00    0.000E+00
 6752.00    0.000E+00
 6753.00    0.000E+00
 6754.00    0.000E+00
 6755.00    0.000E+00
 6756.00    0.000E+00
 6757.00    0.000E+00
 6758.00    0.000E+00
 6759.00    0.000E+00
 6760.00    0.000E+00
 6761.00    0.000E+00
 6762.00    0.000E+00
 6763.00    0.000E+00
 6764.00    0.000E+00
 6765.00    0.000E+00
 6766.00    0.000E+00
 6767.00    0.000E+00
 6768.00    0.000E+00
 6769.00    0.000E+00
 6770.00    0.000E+00
 6771.00    0.000E+00
 6772.00    0.000E+00
 6773.00    0.000E+00
 6774.00    0.000E+00
 6775.00    0.000E+00
 6776.00    0.000E+00
 6777.00    0.000E+00
 6778.00    0.000E+00
 6779.00    0.000E+00
 6780.00    0.000E+00
 6781.00    0.000E+00
 6782.00    0.000E+00
 6783.00    0.000E+00
 6784.00    0.000E+00
 6785.00    0.000E+00
 6786.00    0.000E+00
 6787.00    0.000E+00
 6788.00    0.000E+00
 6789.00    0.000E+00
 6790.00    0.000E+00
 6791.00    0.000E+00
 6792.00    0.000E+00
 6793.00    0.000E+00
 6794.00    0.000E+00
 6795.00    0.000E+00
 6796.00    0.000E+00
 6797.00    0.000E+00
 6798.00    0.000E+00
 6799.00    0.000E+00
 6800.00    0.000E+00
 6801.00    0.000E+00
 6802.00    0.000E+00
 6803.00    0.000E+00
 6804.00    0.000E+00
 6805.00    0.000E+00
 6806.00    0.000E+00
 6807.00    0.000E+00
 6808.00    0.000E+00
 6809.00    0.000E+00
 6810.00    0.000E+00
 6811.00    0.000E+00
 6812.00    0.000E+00
 6813.00    0.000E+00
 6814.00    0.000E+00
 6815.00    0.000E+00
 6816.00    0.000E+00
 6817.00    0.000E+00
 6818.00    0.000E+00
 6819.00    0.000E+00
 6820.00    0.000E+00
 6821.00    0.000E+00
 6822.00    0.000E+00
 6823.00    0.000E+00
 6824.00    0.000E+00
 6825.00    0.000E+00
 6826.00    0.000E+00
 6827.00    0.000E+00
 6828.00    0.000E+00
 6829.00    0.000E+00
 6830.00    0.000E+00
 6831.00    0.000E+00
 6832.00    0.000E+00
 6833.00    0.000E+00
 6834.00    0.000E+00
 6835.00    0.000E+00
 6836.00    0.000E+00
 6837.00    0.000E+00
 6838.00    0.000E+00
 6839.00    0.000E+00
 6840.00    0.000E+00
 6841.00    0.000E+00
 6842.00    0.000E+00
 6843.00    0.000E+00
 6844.00    0.000E+00
 6845.00    0.000E+00
 6846.00    0.000E+00
 6847.00    0.000E+00
 6848.00    0.000E+00
 6849.00    0.000E+00
 6850.00    0.000E+00
 6851.00    0.000E+00
 6852.00    0.000E+00
 6853.00    0.000E+00
 6854.00    0.000E+00
 6855.00    0.000E+00
 6856.00    0.000E+00
 6857.00    0.000E+00
 6858.00    0.000E+00
 6859.00    0.000E+00
 6860.00    0.000E+00
 6861.00    0.000E+00
 6862.00    0.000E+00
 6863.00    0.000E+00
 6864.00    0.000E+00
 6865.00    0.000E+00
 6866.00    0.000E+00
 6867.00    0.000E+00
 6868.00    0.000E+00
 6869.00    0.000E+00
 6870.00    0.000E+00
 6871.00    0.000E+00
 6872.00    0.000E+00
 6873.00    0.000E+00
 6874.00    0.000E+00
 6875.00    0.000E+00
 6876.00    0.000E+00
 6877.00    0.000E+00
 6878.00    0.000E+00
 6879.00    0.000E+00
 6880.00    0.000E+00
 6881.00    0.000E+00
 6882.00    0.000E+00
 6883.00    0.000E+00
 6884.00    0.000E+00
 6885.00    0.000E+00
 6886.00    0.000E+00
 6887.00    0.000E+00
 6888.00    0.000E+00
 6889.00    0.000E+00
 6890.00    0.000E+00
 6891.00    0.000E+00
 6892.00    0.000E+00
 6893.00    0.000E+00
 6894.00    0.000E+00
 6895.00    0.000E+00
 6896.00    0.000E+00
 6897.00    0.000E+00
 6898.00    0.000E+00
 6899.00    0.000E+00
 6900.00    0.000E+00
 6901.00    0.000E+00
 6902.00    0.000E+00
 6903.00    0.000E+00
 6904.00    0.000E+00
 6905.00    0.000E+00
 6906.00    0.000E+00
 6907.00    0.000E+00
 6908.00    0.000E+00
 6909.00    0.000E+00
 6910.00    0.000E+00
 6911.00    0.000E+00
 6912.00    0.000E+00
 6913.00    0.000E+00
 6914.00    0.000E+00
 6915.00    0.000E+00
 6916.00    0.000E+00
 6917.00    0.000E+00
 6918.00    0.000E+00
 6919.00    0.000E+00
 6920.00    0.000E+00
 6921.00    0.000E+00
 6922.00    0.000E+00
 6923.00    0.000E+00
 6924.00    0.000E+00
 6925.00    0.000E+00
 6926.00    0.000E+00
 6927.00    0.000E+00
 6928.00    0.000E+00
 6929.00    0.000E+00
 6930.00    0.000E+00
 6931.00    0.000E+00
 6932.00    0.000E+00
 6933.00    0.000E+00
 6934.00    0.000E+00
 6935.00    0.000E+00
 6936.00    0.000E+00
 6937.00    0.000E+00
 6938.00    0.000E+00
 6939.00    0.000E+00
 6940.00    0.000E+00
 6941.00    0.000E+00
 6942.00    0.000E+00
 6943.00    0.000E+00
 6944.00    0.000E+00
 6945.00    0.000E+00
 6946.00    0.000E+00
 6947.00    0.000E+00
 6948.00    0.000E+00
 6949.00    0.000E+00
 6950.00    0.000E+00
 6951.00    0.000E+00
 6952.00    0.000E+00
 6953.00    0.000E+00
 6954.00    0.000E+00
 6955.00    0.000E+00
 6956.00    0.000E+00
 6957.00    0.000E+00
 6958.00    0.000E+00
 6959.00    0.000E+00
 6960.00    0.000E+00
 6961.00    0.000E+00
 6962.00    0.000E+00
 6963.00    0.000E+00
 6964.00    0.000E+00
 6965.00    0.000E+00
 6966.00    0.000E+00
 6967.00    0.000E+00
 6968.00    0.000E+00
 6969.00    0.000E+00
 6970.00    0.000E+00
 6971.00    0.000E+00
 6972.00    0.000E+00
 6973.00    0.000E+00
 6974.00    0.000E+00
 6975.00    0.000E+00
 6976.00    0.000E+00
 6977.00    0.000E+00
 6978.00    0.000E+00
 6979.00    0.000E+00
 6980.00    0.000E+00
 6981.00    0.000E+00
 6982.00    0.000E+00
 6983.00    0.000E+00
 6984.00    0.000E+00
 6985.00    0.000E+00
 6986.00    0.000E+00
 6987.00    0.000E+00
 6988.00    0.000E+00
 6989.00    0.000E+00
 6990.00    0.000E+00
 6991.00    0.000E+00
 6992.00    0.000E+00
 6993.00    0.000E+00
 6994.00    0.000E+00
 6995.00    0.000E+00
 6996.00    0.000E+00
 6997.00    0.000E+00
 6998.00    0.000E+00
 6999.00    0.000E+00
 7000.00    0.000E+00
 7001.00    0.000E+00
 7002.00    0.000E+00
 7003.00    0.000E+00
 7004.00    0.000E+00
 7005.00    0.000E+00
 7006.00    0.000E+00
 7007.00    0.000E+00
 7008.00    0.000E+00
 7009.00    0.000E+00
 7010.00    0.000E+00
 7011.00    0.000E+00
 7012.00    0.000E+00
 7013.00    0.000E+00
 7014.00    0.000E+00
 7015.00    0.000E+00
 7016.00    0.000E+00
 7017.00    0.000E+00
 7018.00    0.000E+00
 7019.00    0.000E+00
 7020.00    0.000E+00
 7021.00    0.000E+00
 7022.00    0.000E+00
 7023.00    0.000E+00
 7024.00    0.000E+00
 7025.00    0.000E+00
 7026.00    0.000E+00
 7027.00    0.000E+00
 7028.00    0.000E+00
 7029.00    0.000E+00
 7030.00    0.000E+00
 7031.00    0.000E+00
 7032.00    0.000E+00
 7033.00    0.000E+00
 7034.00    0.000E+00
 7035.00    0.000E+00
 7036.00    0.000E+00
 7037.00    0.000E+00
 7038.00    0.000E+00
 7039.00    0.000E+00
 7040.00    0.000E+00
 7041.00    0.000E+00
 7042.00    0.000E+00
 7043.00    0.000E+00
 7044.00    0.000E+00
 7045.00    0.000E+00
 7046.00    0.000E+00
 7047.00    0.000E+00
 7048.00    0.000E+00
 7049.00    0.000E+00
 7050.00    0.000E+00
 7051.00    0.000E+00
 7052.00    0.000E+00
 7053.00    0.000E+00
 7054.00    0.000E+00
 7055.00    0.000E+00
 7056.00    0.000E+00
 7057.00    0.000E+00
 7058.00    0.000E+00
 7059.00    0.000E+00
 7060.00    0.000E+00
 7061.00    0.000E+00
 7062.00    0.000E+00
 7063.00    0.000E+00
 7064.00    0.000E+00
 7065.00    0.000E+00
 7066.00    0.000E+00
 7067.00    0.000E+00
 7068.00    0.000E+00
 7069.00    0.000E+00
 7070.00    0.000E+00
 7071.00    0.000E+00
 7072.00    0.000E+00
 7073.00    0.000E+00
 7074.00    0.000E+00
 7075.00    0.000E+00
 7076.00    0.000E+00
 7077.00    0.000E+00
 7078.00    0.000E+00
 7079.00    0.000E+00
 7080.00    0.000E+00
 7081.00    0.000E+00
 7082.00    0.000E+00
 7083.00    0.000E+00
 7084.00    0.000E+00
 7085.00    0.000E+00
 7086.00    0.000E+00
 7087.00    0.000E+00
 7088.00    0.000E+00
 7089.00    0.000E+00
 7090.00    0.000E+00
 7091.00    0.000E+00
 7092.00    0.000E+00
 7093.00    0.000E+00
 7094.00    0.000E+00
 7095.00    0.000E+00
 7096.00    0.000E+00
 7097.00    0.000E+00
 7098.00    0.000E+00
 7099.00    0.000E+00
 7100.00    0.000E+00
 7101.00    0.000E+00
 7102.00    0.000E+00
 7103.00    0.000E+00
 7104.00    0.000E+00
 7105.00    0.000E+00
 7106.00    0.000E+00
 7107.00    0.000E+00
 7108.00    0.000E+00
 7109.00    0.000E+00
 7110.00    0.000E+00
 7111.00    0.000E+00
 7112.00    0.000E+00
 7113.00    0.000E+00
 7114.00    0.000E+00
 7115.00    0.000E+00
 7116.00    0.000E+00
 7117.00    0.000E+00
 7118.00    0.000E+00
 7119.00    0.000E+00
 7120.00    0.000E+00
 7121.00    0.000E+00
 7122.00    0.000E+00
 7123.00    0.000E+00
 7124.00    0.000E+00
 7125.00    0.000E+00
 7126.00    0.000E+00
 7127.00    0.000E+00
 7128.00    0.000E+00
 7129.00    0.000E+00
 7130.00    0.000E+00
 7131.00    0.000E+00
 7132.00    0.000E+00
 7133.00    0.000E+00
 7134.00    0.000E+00
 7135.00    0.000E+00
 7136.00    0.000E+00
 7137.00    0.000E+00
 7138.00    0.000E+00
 7139.00    0.000E+00
 7140.00    0.000E+00
 7141.00    0.000E+00
 7142.00    0.000E+00
 7143.00    0.000E+00
 7144.00    0.000E+00
 7145.00    0.000E+00
 7146.00    0.000E+00
 7147.00    0.000E+00
 7148.00    0.000E+00
 7149.00    0.000E+00
 7150.00    0.000E+00
 7151.00    0.000E+00
 7152.00    0.000E+00
 7153.00    0.000E+00
 7154.00    0.000E+00
 7155.00    0.000E+00
 7156.00    0.000E+00
 7157.00    0.000E+00
 7158.00    0.000E+00
 7159.00    0.000E+00
 7160.00    0.000E+00
 7161.00    0.000E+00
 7162.00    0.000E+00
 7163.00    0.000E+00
 7164.00    0.000E+00
 7165.00    0.000E+00
 7166.00    0.000E+00
 7167.00    0.000E+00
 7168.00    0.000E+00
 7169.00    0.000E+00
 7170.00    0.000E+00
 7171.00    0.000E+00
 7172.00    0.000E+00
 7173.00    0.000E+00
 7174.00    0.000E+00
 7175.00    0.000E+00
 7176.00    0.000E+00
 7177.00    0.000E+00
 7178.00    0.000E+00
 7179.00    0.000E+00
 7180.00    0.000E+00
 7181.00    0.000E+00
 7182.00    0.000E+00
 7183.00    0.000E+00
 7184.00    0.000E+00
 7185.00    0.000E+00
 7186.00    0.000E+00
 7187.00    0.000E+00
 7188.00    0.000E+00
 7189.00    0.000E+00
 7190.00    0.000E+00
 7191.00    0.000E+00
 7192.00    0.000E+00
 7193.00    0.000E+00
 7194.00    0.000E+00
 7195.00    0.000E+00
 7196.00    0.000E+00
 7197.00    0.000E+00
 7198.00    0.000E+00
 7199.00    0.000E+00
 7200.00    0.000E+00
 7201.00    0.000E+00
 7202.00    0.000E+00
 7203.00    0.000E+00
 7204.00    0.000E+00
 7205.00    0.000E+00
 7206.00    0.000E+00
 7207.00    0.000E+00
 7208.00    0.000E+00
 7209.00    0.000E+00
 7210.00    0.000E+00
 7211.00    0.000E+00
 7212.00    0.000E+00
 7213.00    0.000E+00
 7214.00    0.000E+00
 7215.00    0.000E+00
 7216.00    0.000E+00
 7217.00    0.000E+00
 7218.00    0.000E+00
 7219.00    0.000E+00
 7220.00    0.000E+00
 7221.00    0.000E+00
 7222.00    0.000E+00
 7223.00    0.000E+00
 7224.00    0.000E+00
 7225.00    0.000E+00
 7226.00    0.000E+00
 7227.00    0.000E+00
 7228.00    0.000E+00
 7229.00    0.000E+00
 7230.00    0.000E+00
 7231.00    0.000E+00
 7232.00    0.000E+00
 7233.00    0.000E+00
 7234.00    0.000E+00
 7235.00    0.000E+00
 7236.00    0.000E+00
 7237.00    0.000E+00
 7238.00    0.000E+00
 7239.00    0.000E+00
 7240.00    0.000E+00
 7241.00    0.000E+00
 7242.00    0.000E+00
 7243.00    0.000E+00
 7244.00    0.000E+00
 7245.00    0.000E+00
 7246.00    0.000E+00
 7247.00    0.000E+00
 7248.00    0.000E+00
 7249.00    0.000E+00
 7250.00    0.000E+00
 7251.00    0.000E+00
 7252.00    0.000E+00
 7253.00    0.000E+00
 7254.00    0.000E+00
 7255.00    0.000E+00
 7256.00    0.000E+00
 7257.00    0.000E+00
 7258.00    0.000E+00
 7259.00    0.000E+00
 7260.00    0.000E+00
 7261.00    0.000E+00
 7262.00    0.000E+00
 7263.00    0.000E+00
 7264.00    0.000E+00
 7265.00    0.000E+00
 7266.00    0.000E+00
 7267.00    0.000E+00
 7268.00    0.000E+00
 7269.00    0.000E+00
 7270.00    0.000E+00
 7271.00    0.000E+00
 7272.00    0.000E+00
 7273.00    0.000E+00
 7274.00    0.000E+00
 7275.00    0.000E+00
 7276.00    0.000E+00
 7277.00    0.000E+00
 7278.00    0.000E+00
 7279.00    0.000E+00
 7280.00    0.000E+00
 7281.00    0.000E+00
 7282.00    0.000E+00
 7283.00    0.000E+00
 7284.00    0.000E+00
 7285.00    0.000E+00
 7286.00    0.000E+00
 7287.00    0.000E+00
 7288.00    0.000E+00
 7289.00    0.000E+00
 7290.00    0.000E+00
 7291.00    0.000E+00
 7292.00    0.000E+00
 7293.00    0.000E+00
 7294.00    0.000E+00
 7295.00    0.000E+00
 7296.00    0.000E+00
 7297.00    0.000E+00
 7298.00    0.000E+00
 7299.00    0.000E+00
 7300.00    0.000E+00
